Thomas_100000 0 0 2 2 2 2 2 2 2 2 2 2 2 89 286 286 286 286 286 286 289
Thomas_500000 0 0 2 2 2 2 2 2 2 2 2 2 2 5 24 24 24 24 24 24 27
Thomas_1000000 0 0 2 2 2 2 2 2 2 2 2 2 2 5 6 6 6 6 6 6 9
Thomas_2000000 0 0 2 2 2 2 2 2 2 2 2 2 2 5 6 6 6 6 6 6 8
Jessica_100000 2 0 20 20 20 20 20 20 20 20 20 20 54 64 136 168 170 173 177 186 186
Jessica_500000 2 0 2 2 2 2 2 2 2 2 2 2 4 8 16 18 20 23 27 30 30
Jessica_1000000 2 0 2 2 2 2 2 2 2 2 2 2 4 6 8 10 10 13 17 18 18
Jessica_2000000 2 0 4 4 4 4 4 4 4 4 4 4 6 14 14 14 14 20 32 38 38
Laverne_100000 0 0 0 0 0 0 0 0 0 0 0 0 0 0 144 144 144 144 144 144 144
Laverne_500000 0 0 0 0 0 0 0 0 0 0 0 0 0 0 0 0 0 0 0 0 0
Laverne_1000000 0 0 0 0 0 0 0 0 0 0 0 0 0 0 0 0 0 0 0 0 0
Laverne_2000000 0 0 0 0 0 0 0 0 0 0 0 0 0 0 0 0 0 0 0 0 0
Irene_100000 1 0 0 0 0 0 0 0 0 83 101 101 101 102 134 134 134 134 134 134 135
Irene_500000 1 0 0 0 0 0 0 0 0 51 51 51 51 52 52 52 52 52 52 52 53
Irene_1000000 1 0 0 0 0 0 0 0 0 19 21 21 23 28 28 28 28 28 28 28 29
Irene_2000000 1 0 0 0 0 0 0 0 0 23 25 25 25 30 30 30 30 30 30 30 30
Annette_100000 1 0 0 0 0 0 0 0 0 1 19 19 19 20 52 52 52 52 52 52 55
Annette_500000 1 0 0 0 0 0 0 0 0 1 1 1 1 2 2 2 2 2 2 2 5
Annette_1000000 1 0 0 0 0 0 0 0 0 1 1 1 1 2 2 2 2 2 2 2 7
Annette_2000000 1 0 0 0 0 0 0 0 0 1 1 1 1 2 2 2 2 2 2 2 4
Dorothy_100000 0 0 0 0 0 0 0 0 0 0 0 0 0 0 98 98 98 98 98 98 98
Dorothy_500000 0 0 0 0 0 0 0 0 0 0 0 0 0 0 0 0 0 0 0 0 0
Dorothy_1000000 0 0 0 0 0 0 0 0 0 0 0 0 0 0 0 0 0 0 0 0 0
Dorothy_2000000 0 0 0 0 0 0 0 0 0 0 0 0 0 0 0 0 0 0 0 0 0
Raymond_100000 1 0 0 0 0 0 0 0 0 1 1 1 33 34 134 134 134 134 134 134 139
Raymond_500000 1 0 0 0 0 0 0 0 0 1 1 1 1 2 4 4 4 4 4 4 9
Raymond_1000000 1 0 0 0 0 0 0 0 0 1 1 1 1 2 4 4 4 4 4 4 6
Raymond_2000000 1 0 0 0 0 0 0 0 0 1 1 1 1 2 2 2 2 2 2 2 4
Anthony_100000 1 0 2 2 2 2 2 2 2 5 7 10 12 13 64 115 116 116 116 117 125
Anthony_500000 1 0 2 2 2 2 2 2 2 5 7 10 12 13 16 17 18 18 18 19 27
Anthony_1000000 1 0 2 2 2 2 2 2 3 5 7 10 12 13 14 15 16 16 16 17 25
Anthony_2000000 1 0 2 2 2 2 2 2 3 5 7 10 12 13 14 15 16 16 16 17 20
Nelson_100000 2 0 1 1 1 1 1 1 1 1 1 1 3 3 35 67 67 70 74 75 75
Nelson_500000 2 0 1 1 1 1 1 1 1 1 1 1 3 3 3 3 3 6 10 11 11
Nelson_1000000 2 0 2 2 2 2 2 2 2 2 2 2 4 4 4 4 4 13 17 18 18
Nelson_2000000 2 0 2 2 2 2 2 2 2 2 2 2 4 4 4 4 4 7 11 12 12
Eric_100000 1 0 2 2 2 2 2 2 2 3 23 23 55 56 88 88 88 88 88 88 91
Eric_500000 1 0 2 2 2 2 2 2 2 3 5 5 5 6 6 6 6 6 6 6 8
Eric_1000000 1 0 2 2 2 2 2 2 2 3 5 5 5 6 6 6 6 6 6 6 8
Eric_2000000 1 0 0 0 0 0 0 0 0 1 3 3 3 4 4 4 4 4 4 4 6
Erika_100000 2 0 9 10 10 18 18 18 18 18 18 18 50 50 84 84 84 87 91 94 94
Erika_500000 2 0 10 10 10 18 18 18 18 18 18 18 18 18 20 20 20 23 27 30 30
Erika_1000000 2 0 10 10 10 18 18 18 18 18 18 18 18 18 20 20 20 23 27 30 30
Erika_2000000 2 0 0 0 0 2 2 2 2 2 2 2 2 2 4 4 4 5 9 12 12
Patricia_100000 0 0 0 0 0 0 0 0 0 0 0 0 0 0 50 50 50 50 50 50 50
Patricia_500000 0 0 0 0 0 0 0 0 0 0 0 0 0 0 0 0 0 0 0 0 0
Patricia_1000000 0 0 0 0 0 0 0 0 0 0 0 0 0 0 0 0 0 0 0 0 0
Patricia_2000000 0 0 0 0 0 0 0 0 0 0 0 0 0 0 0 0 0 0 0 0 0
Judith_100000 0 0 0 0 0 0 0 0 0 0 0 0 0 0 82 82 82 82 82 82 82
Judith_500000 0 0 0 0 0 0 0 0 0 0 0 0 0 0 0 0 0 0 0 0 0
Judith_1000000 0 0 0 0 0 0 0 0 0 0 0 0 0 0 0 0 0 0 0 0 0
Judith_2000000 0 0 0 0 0 0 0 0 0 0 0 0 0 0 0 0 0 0 0 0 0
Sandra_100000 0 0 0 0 0 0 0 0 0 0 0 0 0 0 196 196 196 196 196 196 196
Sandra_500000 0 0 0 0 0 0 0 0 0 0 0 0 0 0 0 0 0 0 0 0 0
Sandra_1000000 0 0 0 0 0 0 0 0 0 0 0 0 0 0 0 0 0 0 0 0 0
Sandra_2000000 0 0 0 0 0 0 0 0 0 0 0 0 0 0 0 0 0 0 0 0 0
Napoleon_100000 1 0 0 0 0 0 0 0 0 0 0 0 0 4 39 39 40 40 40 40 43
Napoleon_500000 1 0 0 0 0 0 0 0 0 0 0 0 0 5 7 7 8 8 8 8 9
Napoleon_1000000 1 0 0 0 0 0 0 0 0 0 0 0 0 5 7 7 8 8 8 8 9
Napoleon_2000000 1 0 0 0 0 0 0 0 0 0 0 0 0 3 3 3 4 4 4 4 5
Dolores_100000 2 0 19 20 20 28 28 28 28 28 28 28 78 78 154 154 154 163 167 170 170
Dolores_500000 2 0 20 20 20 28 28 28 28 28 28 28 28 28 30 30 30 39 43 46 46
Dolores_1000000 2 0 10 10 10 18 18 18 18 18 18 18 18 18 20 20 20 29 33 36 36
Dolores_2000000 2 0 4 4 4 12 12 12 12 12 12 12 12 12 14 14 14 17 21 24 24
Eloisa_100000 1 0 0 0 0 0 0 0 0 1 19 19 51 52 102 102 102 102 102 102 107
Eloisa_500000 1 0 0 0 0 0 0 0 0 1 1 1 1 2 4 4 4 4 4 4 9
Eloisa_1000000 1 0 0 0 0 0 0 0 0 1 1 1 1 2 2 2 2 2 2 2 7
Eloisa_2000000 1 0 0 0 0 0 0 0 0 1 1 1 1 2 2 2 2 2 2 2 4
Gerald_100000 0 0 2 2 2 2 2 2 2 3 3 3 5 7 58 58 58 58 58 58 58
Gerald_500000 0 0 2 2 2 2 2 2 2 3 3 3 5 7 10 10 10 10 10 10 10
Gerald_1000000 0 0 2 2 2 2 2 2 2 3 3 3 5 7 8 8 8 8 8 8 8
Gerald_2000000 0 0 2 2 2 2 2 2 2 3 3 3 5 7 8 8 8 8 8 8 8
Diane_100000 1 0 0 0 0 0 0 0 0 1 19 19 19 20 64 64 64 64 64 64 67
Diane_500000 1 0 0 0 0 0 0 0 0 1 1 1 1 2 6 6 6 6 6 6 7
Diane_1000000 1 0 0 0 0 0 0 0 0 1 1 1 1 2 2 2 2 2 2 2 3
Diane_2000000 1 0 0 0 0 0 0 0 0 1 1 1 1 2 2 2 2 2 2 2 3
Patrick_100000 1 0 0 0 0 0 0 8 8 11 19 19 27 28 54 62 62 62 62 62 63
Patrick_500000 1 0 0 0 0 0 0 8 8 11 11 11 11 12 14 22 22 22 22 22 23
Patrick_1000000 1 0 0 0 0 0 0 8 8 11 11 11 11 12 14 22 22 22 22 22 22
Patrick_2000000 1 0 0 0 0 0 0 2 2 3 3 3 3 4 4 6 6 6 6 6 6
Nicole_100000 1 0 0 0 0 0 0 0 0 1 19 19 51 52 102 120 120 120 120 120 125
Nicole_500000 1 0 0 0 0 0 0 0 0 1 1 1 1 2 4 4 4 4 4 4 9
Nicole_1000000 1 0 0 0 0 0 0 0 0 1 1 1 1 2 4 4 4 4 4 4 9
Nicole_2000000 1 0 0 0 0 0 0 0 0 1 1 1 1 2 2 2 2 2 2 2 4
Alvin_100000 0 0 0 0 0 0 0 0 0 0 0 0 0 0 196 196 196 196 196 196 196
Alvin_500000 0 0 0 0 0 0 0 0 0 0 0 0 0 0 0 0 0 0 0 0 0
Alvin_1000000 0 0 0 0 0 0 0 0 0 0 0 0 0 0 0 0 0 0 0 0 0
Alvin_2000000 0 0 0 0 0 0 0 0 0 0 0 0 0 0 0 0 0 0 0 0 0
Travis_100000 2 0 0 0 0 4 6 6 6 6 6 6 6 6 24 24 24 30 30 30 30
Travis_500000 2 0 0 0 0 4 6 6 6 6 6 6 6 6 6 6 6 12 12 12 12
Travis_1000000 2 0 0 0 0 2 4 4 4 4 4 4 4 4 4 4 4 8 8 8 8
Travis_2000000 2 0 0 0 0 0 2 2 2 2 2 2 2 2 2 2 2 4 4 4 4
Tommy_100000 0 0 0 0 0 0 0 0 0 0 0 0 72 72 216 216 216 216 216 216 216
Tommy_500000 0 0 0 0 0 0 0 0 0 0 0 0 0 0 18 18 18 18 18 18 18
Tommy_1000000 0 0 0 0 0 0 0 0 0 0 0 0 0 0 8 8 8 8 8 8 8
Tommy_2000000 0 0 0 0 0 0 0 0 0 0 0 0 0 0 0 0 0 0 0 0 0
Timothy_100000 1 0 0 0 0 0 0 0 0 1 11 11 11 12 28 28 28 28 28 29 33
Timothy_500000 1 0 0 0 0 0 0 0 0 1 3 3 3 4 6 6 6 6 6 7 13
Timothy_1000000 1 0 0 0 0 0 0 0 0 1 3 3 3 4 4 4 4 4 4 5 8
Timothy_2000000 1 0 0 0 0 0 0 0 0 1 1 1 1 2 2 2 2 2 2 3 6
Paul_100000 2 0 32 32 32 36 38 38 38 38 38 38 38 38 112 112 112 113 117 120 120
Paul_500000 2 0 32 32 32 36 38 38 38 38 38 38 38 38 40 40 40 41 45 48 48
Paul_1000000 2 0 8 8 8 12 14 14 14 14 14 14 14 14 16 16 16 17 21 24 24
Paul_2000000 2 0 2 2 2 6 8 8 8 8 8 8 8 8 10 10 10 11 15 18 18
Elmer_100000 2 0 8 8 8 16 16 16 16 16 16 16 16 16 128 128 130 131 135 136 136
Elmer_500000 2 0 8 8 8 16 16 16 16 16 16 16 16 16 32 32 34 35 39 40 40
Elmer_1000000 2 0 0 0 0 8 8 8 8 8 8 8 8 8 10 10 12 13 17 18 18
Elmer_2000000 2 0 0 0 0 2 2 2 2 2 2 2 2 2 4 4 6 7 11 12 12
Tonya_100000 1 0 0 0 0 0 0 0 0 33 51 51 83 84 134 166 166 166 166 166 171
Tonya_500000 1 0 0 0 0 0 0 0 0 1 1 1 1 2 4 4 4 4 4 4 9
Tonya_1000000 1 0 0 0 0 0 0 0 0 1 1 1 1 2 4 4 4 4 4 4 6
Tonya_2000000 1 0 0 0 0 0 0 0 0 1 1 1 1 2 2 2 2 2 2 2 4
Della_100000 1 0 0 0 0 0 0 0 0 1 19 19 19 20 74 74 74 74 74 74 83
Della_500000 1 0 0 0 0 0 0 0 0 1 1 1 1 2 4 4 4 4 4 4 5
Della_1000000 1 0 0 0 0 0 0 0 0 1 1 1 1 2 2 2 2 2 2 2 3
Della_2000000 1 0 0 0 0 0 0 0 0 1 1 1 1 2 2 2 2 2 2 2 3
Vern_100000 1 0 0 0 0 0 0 0 0 13 13 13 13 14 46 46 46 46 46 46 46
Vern_500000 1 0 0 0 0 0 0 0 0 13 13 13 13 14 16 16 16 16 16 16 16
Vern_1000000 1 0 0 0 0 0 0 0 0 13 13 13 13 14 16 16 16 16 16 16 16
Vern_2000000 1 0 0 0 0 0 0 0 0 13 13 13 13 14 14 14 14 14 14 14 14
Bobby_100000 1 0 0 0 0 0 0 0 0 19 27 27 45 46 72 72 72 72 72 72 75
Bobby_500000 1 0 0 0 0 0 0 0 0 1 1 1 1 2 4 4 4 4 4 4 9
Bobby_1000000 1 0 0 0 0 0 0 0 0 1 1 1 1 2 4 4 4 4 4 4 6
Bobby_2000000 1 0 0 0 0 0 0 0 0 1 1 1 1 2 2 2 2 2 2 2 3
Kevin_100000 2 0 18 18 18 22 24 24 24 24 24 24 96 96 158 230 230 233 237 240 240
Kevin_500000 2 0 18 18 18 22 24 24 24 24 24 24 24 24 26 26 26 29 33 36 36
Kevin_1000000 2 0 8 8 8 12 14 14 14 14 14 14 14 14 16 16 16 19 23 26 26
Kevin_2000000 2 0 0 0 0 4 6 6 6 6 6 6 6 6 8 8 8 9 13 16 16
Sara_100000 0 0 0 0 0 0 0 0 0 0 0 0 0 0 226 226 226 226 226 226 226
Sara_500000 0 0 0 0 0 0 0 0 0 0 0 0 0 0 8 8 8 8 8 8 8
Sara_1000000 0 0 0 0 0 0 0 0 0 0 0 0 0 0 0 0 0 0 0 0 0
Sara_2000000 0 0 0 0 0 0 0 0 0 0 0 0 0 0 0 0 0 0 0 0 0
Brenda_100000 0 0 0 0 0 0 0 0 0 0 0 0 0 0 196 196 196 196 196 196 196
Brenda_500000 0 0 0 0 0 0 0 0 0 0 0 0 0 0 32 32 32 32 32 32 32
Brenda_1000000 0 0 0 0 0 0 0 0 0 0 0 0 0 0 0 0 0 0 0 0 0
Brenda_2000000 0 0 0 0 0 0 0 0 0 0 0 0 0 0 0 0 0 0 0 0 0
Edith_100000 0 0 0 0 0 0 0 0 0 0 0 0 0 0 122 122 122 122 122 122 122
Edith_500000 0 0 0 0 0 0 0 0 0 0 0 0 0 0 0 0 0 0 0 0 0
Edith_1000000 0 0 0 0 0 0 0 0 0 0 0 0 0 0 0 0 0 0 0 0 0
Edith_2000000 0 0 0 0 0 0 0 0 0 0 0 0 0 0 0 0 0 0 0 0 0
Jonathan_100000 0 0 0 0 0 0 0 0 0 0 0 0 0 0 144 144 144 144 144 144 144
Jonathan_500000 0 0 0 0 0 0 0 0 0 0 0 0 0 0 0 0 0 0 0 0 0
Jonathan_1000000 0 0 0 0 0 0 0 0 0 0 0 0 0 0 0 0 0 0 0 0 0
Jonathan_2000000 0 0 0 0 0 0 0 0 0 0 0 0 0 0 0 0 0 0 0 0 0
Cole_100000 1 0 0 0 0 0 0 0 0 0 0 0 0 1 73 73 74 74 74 75 81
Cole_500000 1 0 0 0 0 0 0 0 0 0 0 0 0 1 1 1 2 2 2 3 9
Cole_1000000 1 0 0 0 0 0 0 0 0 0 0 0 0 1 1 1 2 2 2 3 6
Cole_2000000 1 0 0 0 0 0 0 0 0 0 0 0 0 1 1 1 2 2 2 3 5
Howard_100000 2 0 1 1 1 1 1 1 1 9 9 9 11 11 61 61 63 66 70 73 73
Howard_500000 2 0 1 1 1 1 1 1 1 9 9 9 11 11 13 13 15 18 22 25 25
Howard_1000000 2 0 5 5 5 5 5 5 5 5 5 5 13 13 15 15 15 21 29 33 33
Howard_2000000 2 0 5 5 5 5 5 5 5 5 5 5 13 13 13 13 13 17 25 29 29
Rudolf_100000 2 0 0 0 0 2 4 4 4 4 4 4 36 40 80 112 112 112 112 112 113
Rudolf_500000 2 0 0 0 0 2 4 4 4 4 4 4 4 8 10 10 10 10 10 10 11
Rudolf_1000000 2 0 0 0 0 2 4 4 4 4 4 4 4 8 10 10 10 10 10 10 11
Rudolf_2000000 2 0 0 0 0 2 4 4 4 4 4 4 4 6 6 6 6 6 6 6 6
Vincent_100000 1 0 0 0 0 0 0 8 8 9 27 27 27 28 54 80 80 80 80 80 81
Vincent_500000 1 0 0 0 0 0 0 8 8 9 9 9 9 10 12 20 20 20 20 20 21
Vincent_1000000 1 0 0 0 0 0 0 8 8 9 9 9 9 10 12 20 20 20 20 20 20
Vincent_2000000 1 0 0 0 0 0 0 2 2 3 3 3 3 4 4 6 6 6 6 6 6
Elda_100000 1 0 0 0 0 0 0 0 0 1 19 19 19 20 70 102 102 102 102 102 103
Elda_500000 1 0 0 0 0 0 0 0 0 1 1 1 1 2 4 4 4 4 4 4 5
Elda_1000000 1 0 0 0 0 0 0 0 0 1 1 1 1 2 4 4 4 4 4 4 5
Elda_2000000 1 0 0 0 0 0 0 0 0 1 1 1 1 2 2 2 2 2 2 2 2
Shawn_100000 0 0 0 0 0 0 0 0 0 0 0 0 0 0 144 144 144 144 144 144 144
Shawn_500000 0 0 0 0 0 0 0 0 0 0 0 0 0 0 2 2 2 2 2 2 2
Shawn_1000000 0 0 0 0 0 0 0 0 0 0 0 0 0 0 0 0 0 0 0 0 0
Shawn_2000000 0 0 0 0 0 0 0 0 0 0 0 0 0 0 0 0 0 0 0 0 0
Jeff_100000 2 0 1 1 1 1 1 1 1 1 1 1 3 35 85 85 85 86 90 91 91
Jeff_500000 2 0 1 1 1 1 1 1 1 1 1 1 3 3 3 3 3 4 8 9 9
Jeff_1000000 2 0 1 1 1 1 1 1 1 1 1 1 3 3 3 3 3 4 8 9 9
Jeff_2000000 2 0 1 1 1 1 1 1 1 1 1 1 1 1 1 1 1 2 4 5 5
Katie_100000 2 0 36 40 40 48 48 48 48 48 48 48 98 98 178 178 178 182 198 218 218
Katie_500000 2 0 40 40 40 48 48 48 48 48 48 48 48 48 64 64 64 68 84 104 104
Katie_1000000 2 0 10 10 10 18 18 18 18 18 18 18 18 18 26 26 26 27 31 34 34
Katie_2000000 2 0 4 4 4 6 6 6 6 6 6 6 6 6 8 8 8 12 28 40 40
Janice_100000 1 0 0 0 0 0 0 0 0 1 9 9 9 10 28 28 28 28 28 28 29
Janice_500000 1 0 0 0 0 0 0 0 0 1 1 1 1 2 4 4 4 4 4 4 5
Janice_1000000 1 0 0 0 0 0 0 0 0 1 1 1 1 2 2 2 2 2 2 2 2
Janice_2000000 1 0 0 0 0 0 0 0 0 1 1 1 1 2 2 2 2 2 2 2 2
Joseph_100000 0 0 0 0 0 0 0 0 0 0 0 0 0 0 64 64 64 64 64 64 64
Joseph_500000 0 0 0 0 0 0 0 0 0 0 0 0 0 0 0 0 0 0 0 0 0
Joseph_1000000 0 0 0 0 0 0 0 0 0 0 0 0 0 0 0 0 0 0 0 0 0
Joseph_2000000 0 0 0 0 0 0 0 0 0 0 0 0 0 0 0 0 0 0 0 0 0
Debra_100000 1 0 0 0 0 0 0 0 0 1 1 1 1 2 42 60 60 60 60 60 63
Debra_500000 1 0 0 0 0 0 0 0 0 1 1 1 1 2 4 4 4 4 4 4 9
Debra_1000000 1 0 0 0 0 0 0 0 0 1 1 1 1 2 4 4 4 4 4 4 6
Debra_2000000 1 0 0 0 0 0 0 0 0 1 1 1 1 2 2 2 2 2 2 2 4
Rachel_100000 0 0 0 0 0 0 0 0 0 0 0 0 0 0 148 148 148 148 148 148 148
Rachel_500000 0 0 0 0 0 0 0 0 0 0 0 0 0 0 8 8 8 8 8 8 8
Rachel_1000000 0 0 0 0 0 0 0 0 0 0 0 0 0 0 0 0 0 0 0 0 0
Rachel_2000000 0 0 0 0 0 0 0 0 0 0 0 0 0 0 0 0 0 0 0 0 0
Lorraine_100000 0 0 0 0 0 0 0 0 0 0 0 32 32 32 162 162 162 162 162 162 162
Lorraine_500000 0 0 0 0 0 0 0 0 0 0 0 0 0 0 8 8 8 8 8 8 8
Lorraine_1000000 0 0 0 0 0 0 0 0 0 0 0 0 0 0 0 0 0 0 0 0 0
Lorraine_2000000 0 0 0 0 0 0 0 0 0 0 0 0 0 0 0 0 0 0 0 0 0
Janet_100000 0 0 0 0 0 0 0 0 0 0 0 0 0 0 72 72 72 72 72 72 72
Janet_500000 0 0 0 0 0 0 0 0 0 0 0 0 0 0 0 0 0 0 0 0 0
Janet_1000000 0 0 0 0 0 0 0 0 0 0 0 0 0 0 0 0 0 0 0 0 0
Janet_2000000 0 0 0 0 0 0 0 0 0 0 0 0 0 0 0 0 0 0 0 0 0
Charles_100000 0 0 0 0 0 0 0 0 0 0 0 0 0 0 226 226 226 226 226 226 226
Charles_500000 0 0 0 0 0 0 0 0 0 0 0 0 0 0 8 8 8 8 8 8 8
Charles_1000000 0 0 0 0 0 0 0 0 0 0 0 0 0 0 0 0 0 0 0 0 0
Charles_2000000 0 0 0 0 0 0 0 0 0 0 0 0 0 0 0 0 0 0 0 0 0
Michael_100000 1 0 0 0 0 0 0 0 0 1 1 1 1 2 34 52 52 52 52 52 53
Michael_500000 1 0 0 0 0 0 0 0 0 1 1 1 1 2 4 4 4 4 4 4 5
Michael_1000000 1 0 0 0 0 0 0 0 0 1 1 1 1 2 2 2 2 2 2 2 2
Michael_2000000 1 0 0 0 0 0 0 0 0 1 1 1 1 2 2 2 2 2 2 2 2
Constance_100000 2 0 1 1 1 1 1 1 1 1 1 1 3 3 35 35 35 38 42 43 43
Constance_500000 2 0 1 1 1 1 1 1 1 1 1 1 3 3 5 5 5 8 12 13 13
Constance_1000000 2 0 1 1 1 1 1 1 1 1 1 1 3 3 3 3 3 6 10 11 11
Constance_2000000 2 0 4 4 4 4 4 4 4 4 4 4 6 6 6 6 6 9 13 14 14
Selma_100000 1 0 0 0 0 0 0 0 0 4 33 33 33 36 44 44 44 44 44 44 57
Selma_500000 1 0 0 0 0 0 0 0 0 4 7 7 7 10 12 12 12 12 12 12 14
Selma_1000000 1 0 0 0 0 0 0 0 0 4 7 7 7 8 8 8 8 8 8 8 10
Selma_2000000 1 0 0 0 0 0 0 0 0 7 14 17 22 28 28 28 28 28 28 28 29
Genevieve_100000 0 0 0 0 0 0 0 0 0 0 0 0 0 0 256 256 256 256 256 256 256
Genevieve_500000 0 0 0 0 0 0 0 0 0 0 0 0 0 0 18 18 18 18 18 18 18
Genevieve_1000000 0 0 0 0 0 0 0 0 0 0 0 0 0 0 0 0 0 0 0 0 0
Genevieve_2000000 0 0 0 0 0 0 0 0 0 0 0 0 0 0 0 0 0 0 0 0 0
Helen_100000 0 0 0 0 0 0 0 0 0 0 0 0 0 0 50 50 50 50 50 50 50
Helen_500000 0 0 0 0 0 0 0 0 0 0 0 0 0 0 0 0 0 0 0 0 0
Helen_1000000 0 0 0 0 0 0 0 0 0 0 0 0 0 0 0 0 0 0 0 0 0
Helen_2000000 0 0 0 0 0 0 0 0 0 0 0 0 0 0 0 0 0 0 0 0 0
Brian_100000 1 0 0 0 0 0 0 0 0 1 1 1 1 2 52 102 102 102 102 102 107
Brian_500000 1 0 0 0 0 0 0 0 0 1 1 1 1 2 10 10 10 10 10 10 15
Brian_1000000 1 0 0 0 0 0 0 0 0 1 1 1 1 2 2 2 2 2 2 2 4
Brian_2000000 1 0 0 0 0 0 0 0 0 1 1 1 1 2 2 2 2 2 2 2 4
Gloria_100000 0 0 0 0 0 0 0 0 0 0 0 0 0 0 148 148 148 148 148 148 148
Gloria_500000 0 0 0 0 0 0 0 0 0 0 0 0 0 0 0 0 0 0 0 0 0
Gloria_1000000 0 0 0 0 0 0 0 0 0 0 0 0 0 0 0 0 0 0 0 0 0
Gloria_2000000 0 0 0 0 0 0 0 0 0 0 0 0 0 0 0 0 0 0 0 0 0
John_100000 0 0 0 0 0 0 0 0 0 0 0 0 0 0 144 144 144 144 144 144 144
John_500000 0 0 0 0 0 0 0 0 0 0 0 0 0 0 2 2 2 2 2 2 2
John_1000000 0 0 0 0 0 0 0 0 0 0 0 0 0 0 2 2 2 2 2 2 2
John_2000000 0 0 0 0 0 0 0 0 0 0 0 0 0 0 0 0 0 0 0 0 0
Keith_100000 0 0 0 0 0 0 0 0 0 0 0 0 0 0 82 82 82 82 82 82 82
Keith_500000 0 0 0 0 0 0 0 0 0 0 0 0 0 0 0 0 0 0 0 0 0
Keith_1000000 0 0 0 0 0 0 0 0 0 0 0 0 0 0 0 0 0 0 0 0 0
Keith_2000000 0 0 0 0 0 0 0 0 0 0 0 0 0 0 0 0 0 0 0 0 0
Gustavo_100000 0 0 0 0 0 0 0 0 0 0 0 0 0 0 200 200 200 200 200 200 200
Gustavo_500000 0 0 0 0 0 0 0 0 0 0 0 0 0 0 18 18 18 18 18 18 18
Gustavo_1000000 0 0 0 0 0 0 0 0 0 0 0 0 0 0 0 0 0 0 0 0 0
Gustavo_2000000 0 0 0 0 0 0 0 0 0 0 0 0 0 0 0 0 0 0 0 0 0
Joshua_100000 1 0 0 0 0 0 0 0 0 1 9 9 9 10 50 50 50 50 50 50 53
Joshua_500000 1 0 0 0 0 0 0 0 0 1 1 1 1 2 4 4 4 4 4 4 9
Joshua_1000000 1 0 0 0 0 0 0 0 0 1 1 1 1 2 2 2 2 2 2 2 4
Joshua_2000000 1 0 0 0 0 0 0 0 0 1 1 1 1 2 2 2 2 2 2 2 3
Lynnette_100000 1 0 0 0 0 0 0 0 0 3 13 13 15 16 32 32 32 32 32 32 37
Lynnette_500000 1 0 0 0 0 0 0 0 0 3 5 5 7 8 8 8 8 8 8 8 13
Lynnette_1000000 1 0 0 0 0 0 0 0 0 3 5 5 5 6 6 6 6 6 6 6 8
Lynnette_2000000 1 0 0 0 0 0 0 0 0 3 5 5 5 6 6 6 6 6 6 6 8
Agnes_100000 2 0 9 10 10 14 16 16 16 18 18 18 26 36 54 62 62 65 69 72 72
Agnes_500000 2 0 10 10 10 14 16 16 16 16 16 16 16 18 22 22 22 25 29 32 32
Agnes_1000000 2 0 12 12 12 16 18 18 18 18 18 18 18 24 26 26 26 29 33 36 36
Agnes_2000000 2 0 7 7 7 17 25 25 25 25 25 25 25 28 31 31 31 34 39 51 52
Eleanor_100000 0 0 0 0 0 0 0 0 0 0 0 0 0 0 50 50 50 50 50 50 50
Eleanor_500000 0 0 0 0 0 0 0 0 0 0 0 0 0 0 0 0 0 0 0 0 0
Eleanor_1000000 0 0 0 0 0 0 0 0 0 0 0 0 0 0 0 0 0 0 0 0 0
Eleanor_2000000 0 0 0 0 0 0 0 0 0 0 0 0 0 0 0 0 0 0 0 0 0
Abigail_100000 0 0 0 0 0 0 0 0 0 0 0 0 32 32 64 64 64 64 64 64 64
Abigail_500000 0 0 0 0 0 0 0 0 0 0 0 0 0 0 0 0 0 0 0 0 0
Abigail_1000000 0 0 0 0 0 0 0 0 0 0 0 0 0 0 0 0 0 0 0 0 0
Abigail_2000000 0 0 0 0 0 0 0 0 0 0 0 0 0 0 0 0 0 0 0 0 0
Rhonda_100000 2 0 1 1 1 1 1 1 1 1 1 1 53 53 125 197 197 206 210 211 211
Rhonda_500000 2 0 1 1 1 1 1 1 1 1 1 1 3 3 11 11 11 20 24 25 25
Rhonda_1000000 2 0 1 1 1 1 1 1 1 1 1 1 3 3 3 3 3 8 12 13 13
Rhonda_2000000 2 0 1 1 1 1 1 1 1 1 1 1 3 3 3 3 3 8 12 13 13
Linda_100000 0 0 0 0 0 0 0 0 0 0 0 0 0 0 144 144 144 144 144 144 144
Linda_500000 0 0 0 0 0 0 0 0 0 0 0 0 0 0 18 18 18 18 18 18 18
Linda_1000000 0 0 0 0 0 0 0 0 0 0 0 0 0 0 0 0 0 0 0 0 0
Linda_2000000 0 0 0 0 0 0 0 0 0 0 0 0 0 0 0 0 0 0 0 0 0
Felix_100000 1 0 0 0 0 0 0 0 0 1 19 19 21 22 62 62 62 62 62 63 67
Felix_500000 1 0 0 0 0 0 0 0 0 1 1 1 3 4 6 6 6 6 6 7 11
Felix_1000000 1 0 0 0 0 0 0 0 0 1 1 1 3 4 6 6 6 6 6 7 13
Felix_2000000 1 0 0 0 0 0 0 0 0 1 1 1 3 4 4 4 4 4 4 5 8
Louis_100000 0 0 0 0 0 0 0 0 0 0 0 0 0 0 196 196 196 196 196 196 197
Louis_500000 0 0 0 0 0 0 0 0 0 0 0 0 0 0 32 32 32 32 32 32 33
Louis_1000000 0 0 0 0 0 0 0 0 0 0 0 0 0 0 0 0 0 0 0 0 1
Louis_2000000 0 0 0 0 0 0 0 0 0 0 0 0 0 0 0 0 0 0 0 0 1
Owen_100000 1 0 0 0 0 0 0 0 2 3 11 11 13 14 40 40 42 42 42 42 55
Owen_500000 1 0 0 0 0 0 0 0 2 3 3 4 5 6 8 8 10 10 10 10 17
Owen_1000000 1 0 0 0 0 0 0 0 0 1 1 2 3 4 4 4 6 6 6 6 11
Owen_2000000 1 0 0 0 0 0 0 0 0 1 1 2 3 4 4 4 4 4 4 4 6
Nancy_100000 1 0 0 0 0 0 0 0 0 1 9 9 9 20 36 44 44 46 46 46 49
Nancy_500000 1 0 0 0 0 0 0 0 0 1 1 1 1 2 4 4 4 6 6 6 7
Nancy_1000000 1 0 0 0 0 0 0 0 0 1 1 1 1 2 2 2 2 2 2 2 2
Nancy_2000000 1 0 0 0 0 0 0 0 0 1 1 1 1 2 2 2 2 2 2 2 2
Aileen_100000 1 0 0 0 0 0 0 0 0 1 9 9 9 10 28 28 28 28 28 29 35
Aileen_500000 1 0 0 0 0 0 0 0 0 1 1 1 1 2 4 4 4 4 4 5 11
Aileen_1000000 1 0 0 0 0 0 0 0 0 1 1 1 1 2 4 4 4 4 4 5 8
Aileen_2000000 1 0 0 0 0 0 0 0 0 1 1 1 1 2 2 2 2 2 2 3 6
Rene_100000 0 0 0 0 0 0 0 0 0 0 0 0 0 0 200 200 200 200 200 200 200
Rene_500000 0 0 0 0 0 0 0 0 0 0 0 0 0 0 18 18 18 18 18 18 18
Rene_1000000 0 0 0 0 0 0 0 0 0 0 0 0 0 0 0 0 0 0 0 0 0
Rene_2000000 0 0 0 0 0 0 0 0 0 0 0 0 0 0 0 0 0 0 0 0 0
Norman_100000 1 0 0 0 0 0 0 0 0 1 1 1 1 2 70 70 70 70 70 70 73
Norman_500000 1 0 0 0 0 0 0 0 0 1 1 1 1 2 4 4 4 4 4 4 7
Norman_1000000 1 0 0 0 0 0 0 0 0 1 1 1 1 2 4 4 4 4 4 4 6
Norman_2000000 1 0 0 0 0 0 0 0 0 1 1 1 1 2 2 2 2 2 2 2 4
Joanna_100000 2 0 1 1 1 1 1 1 1 1 1 1 35 61 97 97 99 108 112 115 115
Joanna_500000 2 0 1 1 1 1 1 1 1 1 1 1 3 3 3 3 5 14 18 21 21
Joanna_1000000 2 0 1 1 1 1 1 1 1 1 1 1 3 3 3 3 3 12 16 17 17
Joanna_2000000 2 0 4 4 4 4 4 4 4 4 4 4 12 12 12 12 12 16 32 38 38
Cynthia_100000 1 0 0 0 2 2 2 2 2 3 3 3 35 36 68 100 100 100 100 100 105
Cynthia_500000 1 0 0 0 2 2 2 2 2 3 3 3 3 4 6 6 6 6 6 6 11
Cynthia_1000000 1 0 0 0 2 2 2 2 2 3 3 3 3 4 4 4 4 4 4 4 6
Cynthia_2000000 1 0 0 0 2 2 2 2 2 3 3 3 3 4 4 4 4 4 4 4 6
Amy_100000 2 0 15 16 16 18 18 18 18 18 18 18 18 18 102 134 134 137 173 176 176
Amy_500000 2 0 16 16 16 18 18 18 18 18 18 18 18 18 20 20 20 23 27 30 30
Amy_1000000 2 0 8 8 8 10 10 10 10 10 10 10 10 10 12 12 12 15 19 22 22
Amy_2000000 2 0 2 2 2 2 2 2 2 2 2 2 2 2 2 2 2 6 6 6 6
Marie_100000 0 0 0 0 0 0 0 0 0 0 0 0 50 50 100 100 100 100 100 100 100
Marie_500000 0 0 0 0 0 0 0 0 0 0 0 0 0 0 0 0 0 0 0 0 0
Marie_1000000 0 0 0 0 0 0 0 0 0 0 0 0 0 0 0 0 0 0 0 0 0
Marie_2000000 0 0 0 0 0 0 0 0 0 0 0 0 0 0 0 0 0 0 0 0 0
Lori_100000 2 0 9 10 10 10 12 12 12 12 12 12 12 12 84 156 156 157 161 164 164
Lori_500000 2 0 10 10 10 10 12 12 12 12 12 12 12 12 20 20 20 21 25 28 28
Lori_1000000 2 0 2 2 2 2 4 4 4 4 4 4 4 4 4 4 4 5 9 12 12
Lori_2000000 2 0 0 0 0 0 2 2 2 2 2 2 2 2 2 2 2 3 7 10 10
Ivan_100000 0 0 0 0 0 0 0 0 0 0 0 0 72 72 268 268 268 268 268 268 268
Ivan_500000 0 0 0 0 0 0 0 0 0 0 0 0 0 0 8 8 8 8 8 8 8
Ivan_1000000 0 0 0 0 0 0 0 0 0 0 0 0 0 0 0 0 0 0 0 0 0
Ivan_2000000 0 0 0 0 0 0 0 0 0 0 0 0 0 0 0 0 0 0 0 0 0
Chester_100000 2 0 1 1 1 1 1 1 1 1 1 1 3 3 85 157 157 158 162 163 163
Chester_500000 2 0 1 1 1 1 1 1 1 1 1 1 3 3 11 11 11 12 16 17 17
Chester_1000000 2 0 1 1 1 1 1 1 1 1 1 1 3 3 3 3 3 4 8 9 9
Chester_2000000 2 0 1 1 1 1 1 1 1 1 1 1 3 3 3 3 3 4 8 9 9
Arthur_100000 0 0 0 0 0 0 0 0 0 0 0 0 0 0 128 128 128 128 128 128 128
Arthur_500000 0 0 0 0 0 0 0 0 0 0 0 0 0 0 8 8 8 8 8 8 8
Arthur_1000000 0 0 0 0 0 0 0 0 0 0 0 0 0 0 0 0 0 0 0 0 0
Arthur_2000000 0 0 0 0 0 0 0 0 0 0 0 0 0 0 0 0 0 0 0 0 0
Susan_100000 2 0 9 10 10 12 12 12 12 12 12 12 12 14 34 34 34 37 41 46 48
Susan_500000 2 0 10 10 10 12 12 12 12 12 12 12 12 14 18 18 18 21 25 30 32
Susan_1000000 2 0 4 4 4 6 6 6 6 6 6 6 6 8 10 10 10 13 17 20 21
Susan_2000000 2 0 5 5 5 7 7 7 7 7 7 7 8 10 13 13 13 17 33 45 48
Terry_100000 2 0 1 1 1 1 1 1 1 1 1 1 3 3 107 157 157 160 164 165 165
Terry_500000 2 0 1 1 1 1 1 1 1 1 1 1 3 3 11 11 11 14 18 19 19
Terry_1000000 2 0 1 1 1 1 1 1 1 1 1 1 3 3 11 11 11 14 18 19 19
Terry_2000000 2 0 1 1 1 1 1 1 1 1 1 1 3 3 3 3 3 4 8 9 9
Tamara_100000 0 0 0 0 0 0 0 0 0 0 0 0 0 0 32 32 32 32 32 32 32
Tamara_500000 0 0 0 0 0 0 0 0 0 0 0 0 0 0 0 0 0 0 0 0 0
Tamara_1000000 0 0 0 0 0 0 0 0 0 0 0 0 0 0 0 0 0 0 0 0 0
Tamara_2000000 0 0 0 0 0 0 0 0 0 0 0 0 0 0 0 0 0 0 0 0 0
Rose_100000 0 0 7 7 7 7 7 7 7 59 62 63 64 69 161 163 165 167 167 167 169
Rose_500000 0 0 7 7 7 7 7 7 7 9 12 13 14 19 29 31 33 35 35 35 37
Rose_1000000 0 0 7 7 7 7 7 7 7 9 12 13 14 19 29 31 33 35 35 35 37
Rose_2000000 0 0 7 7 7 7 7 7 7 9 12 13 14 19 23 25 27 29 29 29 30
Cecil_100000 2 0 74 75 75 77 77 77 77 77 77 77 79 84 147 147 147 150 156 161 168
Cecil_500000 2 0 63 63 65 73 73 73 76 79 86 87 92 104 107 110 111 125 149 169 177
Cecil_1000000 2 0 31 31 33 41 41 41 44 47 54 55 60 72 75 79 79 93 111 121 129
Cecil_2000000 2 0 15 16 18 26 26 26 27 29 35 36 37 42 48 49 50 54 68 81 82
Leticia_100000 1 0 0 0 0 0 0 0 0 0 0 0 0 5 82 83 88 88 88 88 89
Leticia_500000 1 0 0 0 0 0 0 0 0 0 0 0 0 5 8 9 14 14 14 14 15
Leticia_1000000 1 0 0 0 0 0 0 0 0 0 0 0 0 5 8 9 14 14 14 14 15
Leticia_2000000 1 0 0 0 0 0 0 0 0 0 0 0 0 5 8 9 14 14 14 14 14
Phuong_100000 0 0 0 0 0 0 0 0 0 72 72 72 72 72 268 268 268 268 268 268 268
Phuong_500000 0 0 0 0 0 0 0 0 0 0 0 0 0 0 8 8 8 8 8 8 8
Phuong_1000000 0 0 0 0 0 0 0 0 0 0 0 0 0 0 0 0 0 0 0 0 0
Phuong_2000000 0 0 0 0 0 0 0 0 0 0 0 0 0 0 0 0 0 0 0 0 0
Sharon_100000 0 0 0 0 0 0 0 0 0 0 0 0 0 0 144 144 144 144 144 144 144
Sharon_500000 0 0 0 0 0 0 0 0 0 0 0 0 0 0 82 82 82 82 82 82 82
Sharon_1000000 0 0 0 0 0 0 0 0 0 0 0 0 0 0 0 0 0 0 0 0 0
Sharon_2000000 0 0 0 0 0 0 0 0 0 0 0 0 0 0 0 0 0 0 0 0 0
Rochelle_100000 0 0 0 0 0 0 0 0 0 0 0 0 50 50 122 122 122 122 122 122 122
Rochelle_500000 0 0 0 0 0 0 0 0 0 0 0 0 0 0 8 8 8 8 8 8 8
Rochelle_1000000 0 0 0 0 0 0 0 0 0 0 0 0 0 0 0 0 0 0 0 0 0
Rochelle_2000000 0 0 0 0 0 0 0 0 0 0 0 0 0 0 0 0 0 0 0 0 0
Millard_100000 0 0 0 0 0 0 0 0 0 0 0 0 0 2 52 52 52 52 52 52 53
Millard_500000 0 0 0 0 0 0 0 0 0 0 0 0 0 2 4 4 4 4 4 4 5
Millard_1000000 0 0 0 0 0 0 0 0 0 0 0 0 0 2 4 4 4 4 4 4 5
Millard_2000000 0 0 0 0 0 0 0 0 0 0 0 0 0 2 2 2 2 2 2 2 2
Michelle_100000 0 0 0 0 0 0 0 0 0 0 0 0 0 0 32 32 32 32 32 32 32
Michelle_500000 0 0 0 0 0 0 0 0 0 0 0 0 0 0 0 0 0 0 0 0 0
Michelle_1000000 0 0 0 0 0 0 0 0 0 0 0 0 0 0 0 0 0 0 0 0 0
Michelle_2000000 0 0 0 0 0 0 0 0 0 0 0 0 0 0 0 0 0 0 0 0 0
Stacey_100000 1 0 0 0 0 0 0 0 0 1 9 9 17 18 68 76 76 76 76 78 81
Stacey_500000 1 0 0 0 0 0 0 0 0 1 1 1 1 2 4 4 4 4 4 6 7
Stacey_1000000 1 0 0 0 0 0 0 0 0 1 1 1 1 2 4 4 4 4 4 6 7
Stacey_2000000 1 0 0 0 0 0 0 0 0 1 1 1 1 2 2 2 2 2 2 4 4
Jewell_100000 2 0 19 20 20 22 22 22 22 22 22 22 22 22 50 50 50 53 57 60 60
Jewell_500000 2 0 20 20 20 22 22 22 22 22 22 22 22 22 24 24 24 27 31 34 34
Jewell_1000000 2 0 10 10 10 12 12 12 12 12 12 12 12 12 14 14 14 17 21 24 24
Jewell_2000000 2 0 10 10 10 12 12 12 12 12 12 12 12 12 14 14 14 18 28 40 40
Patria_100000 1 0 0 0 0 0 0 0 0 3 3 3 3 4 94 126 126 126 127 128 133
Patria_500000 1 0 0 0 0 0 0 0 0 3 3 3 3 4 6 6 6 6 7 8 13
Patria_1000000 1 0 0 0 0 0 0 0 0 3 3 3 3 4 6 6 6 6 8 8 10
Patria_2000000 1 0 0 0 0 0 0 0 0 3 3 3 3 4 4 4 4 4 6 6 7
Carolyn_100000 1 0 0 0 0 0 0 0 0 1 9 9 9 10 18 26 26 26 26 27 33
Carolyn_500000 1 0 0 0 0 0 0 0 0 1 1 1 1 2 4 4 4 4 4 5 11
Carolyn_1000000 1 0 0 0 0 0 0 0 0 1 1 1 1 2 2 2 2 2 2 3 6
Carolyn_2000000 1 0 0 0 0 0 0 0 0 1 1 1 1 2 2 2 2 2 2 3 6
Wade_100000 2 0 0 0 0 0 0 0 0 0 0 0 0 0 72 72 72 72 72 72 72
Wade_500000 2 0 0 0 0 0 0 0 0 0 0 0 0 0 8 8 8 8 8 8 8
Wade_1000000 2 0 0 0 0 0 0 0 0 0 0 0 0 0 8 8 8 8 8 8 8
Wade_2000000 2 0 0 0 0 0 0 0 0 0 0 0 0 0 0 0 0 0 0 0 0
Rita_100000 1 0 0 0 0 0 0 0 0 1 1 1 1 2 34 52 52 52 52 53 59
Rita_500000 1 0 0 0 0 0 0 0 0 1 1 1 1 2 4 4 4 4 4 5 11
Rita_1000000 1 0 0 0 0 0 0 0 0 1 1 1 1 2 4 4 4 4 4 5 8
Rita_2000000 1 0 0 0 0 0 0 0 0 1 1 1 1 2 2 2 2 2 2 3 6
Frank_100000 0 0 0 0 0 0 0 0 0 0 0 0 0 0 196 196 196 196 196 196 196
Frank_500000 0 0 0 0 0 0 0 0 0 0 0 0 0 0 0 0 0 0 0 0 0
Frank_1000000 0 0 0 0 0 0 0 0 0 0 0 0 0 0 0 0 0 0 0 0 0
Frank_2000000 0 0 0 0 0 0 0 0 0 0 0 0 0 0 0 0 0 0 0 0 0
Betty_100000 0 0 0 0 0 0 0 0 0 0 0 0 0 0 148 148 148 148 148 148 148
Betty_500000 0 0 0 0 0 0 0 0 0 0 0 0 0 0 0 0 0 0 0 0 0
Betty_1000000 0 0 0 0 0 0 0 0 0 0 0 0 0 0 0 0 0 0 0 0 0
Betty_2000000 0 0 0 0 0 0 0 0 0 0 0 0 0 0 0 0 0 0 0 0 0
Tina_100000 1 0 0 0 0 0 0 0 0 1 19 19 19 20 78 78 78 78 78 78 79
Tina_500000 1 0 0 0 0 0 0 0 0 1 1 1 1 2 4 4 4 4 4 4 5
Tina_1000000 1 0 0 0 0 0 0 0 0 1 1 1 1 2 4 4 4 4 4 4 5
Tina_2000000 1 0 0 0 0 0 0 0 0 1 1 1 1 2 2 2 2 2 2 2 3
Donald_100000 1 0 0 0 0 0 0 0 0 1 19 19 37 38 110 128 128 128 128 128 131
Donald_500000 1 0 0 0 0 0 0 0 0 1 1 1 1 2 4 4 4 4 4 4 9
Donald_1000000 1 0 0 0 0 0 0 0 0 1 1 1 1 2 4 4 4 4 4 4 6
Donald_2000000 1 0 0 0 0 0 0 0 0 1 1 1 1 2 2 2 2 2 2 2 3
Melissa_100000 2 0 19 20 20 24 26 26 26 26 26 26 26 26 46 46 46 55 59 62 62
Melissa_500000 2 0 20 20 20 24 26 26 26 26 26 26 26 26 28 28 28 37 41 44 44
Melissa_1000000 2 0 10 10 10 14 16 16 16 16 16 16 16 16 18 18 18 27 31 34 34
Melissa_2000000 2 0 4 4 4 14 22 22 22 22 22 22 22 22 24 24 24 28 44 56 56
Christy_100000 1 0 0 0 0 0 0 0 0 1 1 1 19 20 38 56 56 56 56 56 59
Christy_500000 1 0 0 0 0 0 0 0 0 1 1 1 1 2 4 4 4 4 4 4 9
Christy_1000000 1 0 0 0 0 0 0 0 0 1 1 1 1 2 2 2 2 2 2 2 4
Christy_2000000 1 0 0 0 0 0 0 0 0 1 1 1 1 2 2 2 2 2 2 2 4
Douglas_100000 1 0 0 0 0 2 2 2 4 5 13 13 13 14 32 32 32 32 32 32 35
Douglas_500000 1 0 0 0 0 2 2 2 4 5 5 5 5 6 8 8 8 8 8 8 13
Douglas_1000000 1 0 0 0 0 2 2 2 4 5 5 5 5 6 6 6 6 6 6 6 8
Douglas_2000000 1 0 0 0 0 0 0 0 2 3 3 3 3 4 4 4 4 4 4 4 6
Natasha_100000 1 0 0 0 0 0 0 0 0 1 1 1 33 34 66 98 98 98 98 98 99
Natasha_500000 1 0 0 0 0 0 0 0 0 1 1 1 1 2 4 4 4 4 4 4 5
Natasha_1000000 1 0 0 0 0 0 0 0 0 1 1 1 1 2 2 2 2 2 2 2 2
Natasha_2000000 1 0 0 0 0 0 0 0 0 1 1 1 1 2 2 2 2 2 2 2 2
Debby_100000 1 0 0 0 0 0 0 0 0 1 1 1 33 34 66 66 66 66 66 66 71
Debby_500000 1 0 0 0 0 0 0 0 0 1 1 1 1 2 4 4 4 4 4 4 9
Debby_1000000 1 0 0 0 0 0 0 0 0 1 1 1 1 2 2 2 2 2 2 2 7
Debby_2000000 1 0 0 0 0 0 0 0 0 1 1 1 1 2 2 2 2 2 2 2 4
Walter_100000 2 0 9 10 10 14 16 16 16 16 16 16 16 16 50 82 82 85 89 92 92
Walter_500000 2 0 10 10 10 14 16 16 16 16 16 16 16 16 20 20 20 23 27 30 30
Walter_1000000 2 0 4 4 4 8 10 10 10 10 10 10 10 10 12 12 12 15 19 22 22
Walter_2000000 2 0 4 4 4 8 10 10 10 10 10 10 10 10 12 12 12 17 21 30 30
Grace_100000 0 0 0 0 0 0 0 0 0 0 0 0 0 0 50 50 50 50 50 50 50
Grace_500000 0 0 0 0 0 0 0 0 0 0 0 0 0 0 0 0 0 0 0 0 0
Grace_1000000 0 0 0 0 0 0 0 0 0 0 0 0 0 0 0 0 0 0 0 0 0
Grace_2000000 0 0 0 0 0 0 0 0 0 0 0 0 0 0 0 0 0 0 0 0 0
Scott_100000 0 0 0 0 0 0 0 0 0 0 0 0 0 0 64 64 64 64 64 64 64
Scott_500000 0 0 0 0 0 0 0 0 0 0 0 0 0 0 2 2 2 2 2 2 2
Scott_1000000 0 0 0 0 0 0 0 0 0 0 0 0 0 0 0 0 0 0 0 0 0
Scott_2000000 0 0 0 0 0 0 0 0 0 0 0 0 0 0 0 0 0 0 0 0 0
Francine_100000 0 0 0 0 0 0 0 0 0 0 0 0 0 0 196 196 196 196 196 196 196
Francine_500000 0 0 0 0 0 0 0 0 0 0 0 0 0 0 0 0 0 0 0 0 0
Francine_1000000 0 0 0 0 0 0 0 0 0 0 0 0 0 0 0 0 0 0 0 0 0
Francine_2000000 0 0 0 0 0 0 0 0 0 0 0 0 0 0 0 0 0 0 0 0 0
Camille_100000 0 0 2 2 2 2 2 2 2 2 2 2 2 28 78 78 78 78 78 78 79
Camille_500000 0 0 2 2 2 2 2 2 2 2 2 2 2 4 12 12 12 12 12 12 13
Camille_1000000 0 0 2 2 2 2 2 2 2 2 2 2 2 4 6 6 6 6 6 6 7
Camille_2000000 0 0 2 2 2 2 2 2 2 2 2 2 2 4 6 6 6 6 6 6 7
Lauren_100000 2 0 3 3 3 3 3 3 3 3 3 3 5 7 57 57 59 62 66 69 70
Lauren_500000 2 0 3 3 3 3 3 3 3 3 3 3 5 7 9 9 11 14 18 21 22
Lauren_1000000 2 0 3 3 3 3 3 3 3 3 3 3 11 14 17 17 17 27 37 43 44
Lauren_2000000 2 0 3 3 3 3 3 3 3 3 3 3 11 14 15 15 15 21 31 37 38
Brett_100000 2 0 1 1 1 1 1 1 1 1 1 1 3 3 75 125 125 134 138 139 139
Brett_500000 2 0 1 1 1 1 1 1 1 1 1 1 3 3 11 11 11 20 24 25 25
Brett_1000000 2 0 1 1 1 1 1 1 1 1 1 1 3 3 5 5 5 14 18 19 19
Brett_2000000 2 0 1 1 1 1 1 1 1 1 1 1 3 3 3 3 3 6 10 11 11
Jeffrey_100000 0 0 0 0 0 0 0 0 0 0 0 0 0 0 256 256 256 256 256 256 256
Jeffrey_500000 0 0 0 0 0 0 0 0 0 0 0 0 0 0 0 0 0 0 0 0 0
Jeffrey_1000000 0 0 0 0 0 0 0 0 0 0 0 0 0 0 0 0 0 0 0 0 0
Jeffrey_2000000 0 0 0 0 0 0 0 0 0 0 0 0 0 0 0 0 0 0 0 0 0
Rafael_100000 1 0 1 2 2 2 2 2 2 3 21 21 53 55 74 92 92 92 92 92 101
Rafael_500000 1 0 1 2 2 2 2 2 2 3 3 3 3 5 6 6 6 6 6 6 9
Rafael_1000000 1 0 1 2 2 2 2 2 2 3 3 3 3 5 6 6 6 6 6 6 7
Rafael_2000000 1 1 1 2 2 2 2 2 2 3 3 3 3 5 6 6 6 6 6 6 7
Carlos_100000 0 0 0 0 0 0 0 0 0 0 0 0 0 0 18 18 18 18 18 18 18
Carlos_500000 0 0 0 0 0 0 0 0 0 0 0 0 0 0 2 2 2 2 2 2 2
Carlos_1000000 0 0 0 0 0 0 0 0 0 0 0 0 0 0 0 0 0 0 0 0 0
Carlos_2000000 0 0 0 0 0 0 0 0 0 0 0 0 0 0 0 0 0 0 0 0 0
Edmundo_100000 0 0 0 0 0 0 0 0 0 0 0 0 0 0 200 200 200 200 200 200 200
Edmundo_500000 0 0 0 0 0 0 0 0 0 0 0 0 0 0 0 0 0 0 0 0 0
Edmundo_1000000 0 0 0 0 0 0 0 0 0 0 0 0 0 0 0 0 0 0 0 0 0
Edmundo_2000000 0 0 0 0 0 0 0 0 0 0 0 0 0 0 0 0 0 0 0 0 0
Irmgard_100000 1 0 0 0 0 0 0 0 0 1 1 1 1 2 92 92 92 92 92 92 93
Irmgard_500000 1 0 0 0 0 0 0 0 0 1 1 1 1 2 10 10 10 10 10 10 11
Irmgard_1000000 1 0 0 0 0 0 0 0 0 1 1 1 1 2 4 4 4 4 4 4 5
Irmgard_2000000 1 0 0 0 0 0 0 0 0 1 1 1 1 2 2 2 2 2 2 2 3
Sherri_100000 2 0 26 27 27 35 35 35 35 35 35 35 86 104 149 149 149 158 162 165 173
Sherri_500000 2 0 27 27 27 35 35 35 35 35 35 35 36 50 55 55 55 64 68 71 79
Sherri_1000000 2 0 17 17 17 25 25 25 25 25 25 25 26 40 45 45 45 54 58 61 69
Sherri_2000000 2 0 7 7 7 9 9 9 9 9 9 9 10 10 13 13 13 14 18 21 25
Jennifer_100000 1 0 4 4 4 4 4 4 4 13 39 43 77 99 154 156 156 156 156 156 171
Jennifer_500000 1 0 4 4 4 4 4 4 4 5 7 11 15 29 34 36 36 36 36 36 45
Jennifer_1000000 1 0 2 2 2 2 2 2 2 3 3 8 11 21 22 24 24 24 24 24 35
Jennifer_2000000 1 0 2 2 2 2 2 2 2 3 3 6 8 17 18 20 20 20 20 20 26
Raye_100000 1 0 0 0 0 0 0 0 0 1 9 9 27 28 54 72 72 72 72 72 75
Raye_500000 1 0 0 0 0 0 0 0 0 1 1 1 1 2 4 4 4 4 4 4 9
Raye_1000000 1 0 0 0 0 0 0 0 0 1 1 1 1 2 4 4 4 4 4 4 6
Raye_2000000 1 0 0 0 0 0 0 0 0 1 1 1 1 2 2 2 2 2 2 2 4
Darren_100000 2 0 0 0 0 4 6 6 6 6 6 6 6 6 32 32 32 34 34 34 34
Darren_500000 2 0 0 0 0 4 6 6 6 6 6 6 6 6 8 8 8 10 10 10 10
Darren_1000000 2 0 0 0 0 4 6 6 6 6 6 6 6 6 8 8 8 10 10 10 10
Darren_2000000 2 0 0 0 0 2 4 4 4 4 4 4 4 4 6 6 6 8 8 8 8
Justin_100000 1 0 0 0 0 0 0 0 0 1 19 19 19 20 52 84 84 84 84 85 91
Justin_500000 1 0 0 0 0 0 0 0 0 1 1 1 1 2 4 4 4 4 4 5 11
Justin_1000000 1 0 0 0 0 0 0 0 0 1 1 1 1 2 2 2 2 2 2 3 9
Justin_2000000 1 0 0 0 0 0 0 0 0 1 1 1 1 2 2 2 2 2 2 3 6
Donn_100000 0 0 0 0 0 0 0 0 0 0 0 0 0 0 18 18 18 18 18 18 18
Donn_500000 0 0 0 0 0 0 0 0 0 0 0 0 0 0 2 2 2 2 2 2 2
Donn_1000000 0 0 0 0 0 0 0 0 0 0 0 0 0 0 0 0 0 0 0 0 0
Donn_2000000 0 0 0 0 0 0 0 0 0 0 0 0 0 0 0 0 0 0 0 0 0
Dale_100000 1 0 0 0 0 0 0 0 0 4 4 4 4 8 80 152 153 153 153 157 166
Dale_500000 1 0 0 0 0 0 0 0 0 4 4 4 4 8 16 16 17 17 17 21 30
Dale_1000000 1 0 0 0 0 0 0 0 0 4 4 4 4 8 8 8 9 9 9 13 22
Dale_2000000 1 0 0 0 0 0 0 0 0 4 4 4 4 8 8 8 9 9 9 13 18
Anita_100000 1 0 0 0 0 0 0 0 0 3 11 11 11 12 20 28 28 28 28 28 33
Anita_500000 1 0 0 0 0 0 0 0 0 3 3 3 3 4 6 6 6 6 6 6 11
Anita_1000000 1 0 0 0 0 0 0 0 0 3 3 3 3 4 4 4 4 4 4 4 6
Anita_2000000 1 0 0 0 0 0 0 0 0 3 3 3 3 4 4 4 4 4 4 4 6
Marjorie_100000 0 0 0 0 0 0 0 0 0 0 0 0 0 0 32 32 32 32 32 32 32
Marjorie_500000 0 0 0 0 0 0 0 0 0 0 0 0 0 0 0 0 0 0 0 0 0
Marjorie_1000000 0 0 0 0 0 0 0 0 0 0 0 0 0 0 0 0 0 0 0 0 0
Marjorie_2000000 0 0 0 0 0 0 0 0 0 0 0 0 0 0 0 0 0 0 0 0 0
Myron_100000 2 0 11 12 12 14 14 14 14 14 14 14 14 20 78 78 78 81 85 90 91
Myron_500000 2 0 12 12 12 14 14 14 14 14 14 14 14 20 24 24 24 27 31 34 35
Myron_1000000 2 0 6 6 6 8 8 8 8 8 8 8 8 14 16 16 16 19 23 26 27
Myron_2000000 2 0 4 4 4 6 6 6 6 6 6 6 6 11 14 14 14 20 31 34 35
Bonita_100000 2 0 19 20 20 24 26 26 26 26 26 26 26 26 78 110 110 119 123 126 126
Bonita_500000 2 0 20 20 20 24 26 26 26 26 26 26 26 26 28 28 28 37 41 44 44
Bonita_1000000 2 0 10 10 10 14 16 16 16 16 16 16 16 16 18 18 18 27 31 34 34
Bonita_2000000 2 0 4 4 4 14 22 22 22 22 22 22 22 22 24 24 24 28 44 56 56
Barb_100000 1 0 0 0 0 0 0 0 0 32 32 32 34 34 66 66 66 66 66 66 66
Barb_500000 1 0 0 0 0 0 0 0 0 0 0 0 2 2 4 4 4 4 4 4 4
Barb_1000000 1 0 0 0 0 0 0 0 0 0 0 0 2 2 2 2 2 2 2 2 2
Barb_2000000 1 0 0 0 0 0 0 0 0 0 0 0 2 2 2 2 2 2 2 2 2
Joy_100000 0 0 0 0 0 0 0 0 0 0 0 0 50 50 122 122 122 122 122 122 122
Joy_500000 0 0 0 0 0 0 0 0 0 0 0 0 0 0 8 8 8 8 8 8 8
Joy_1000000 0 0 0 0 0 0 0 0 0 0 0 0 0 0 0 0 0 0 0 0 0
Joy_2000000 0 0 0 0 0 0 0 0 0 0 0 0 0 0 0 0 0 0 0 0 0
Edgar_100000 1 0 5 5 5 5 5 5 5 20 93 94 99 116 151 209 209 209 211 211 226
Edgar_500000 1 0 5 5 5 5 5 5 5 8 13 14 19 30 33 41 41 41 43 43 55
Edgar_1000000 1 1 6 6 6 6 6 6 6 9 9 9 13 25 26 28 28 28 28 28 34
Edgar_2000000 1 1 6 6 6 6 6 6 6 7 7 8 12 21 22 24 24 24 24 24 28
Elaine_100000 0 0 0 0 0 0 0 0 0 0 0 0 0 0 50 50 50 50 50 50 50
Elaine_500000 0 0 0 0 0 0 0 0 0 0 0 0 0 0 0 0 0 0 0 0 0
Elaine_1000000 0 0 0 0 0 0 0 0 0 0 0 0 0 0 0 0 0 0 0 0 0
Elaine_2000000 0 0 0 0 0 0 0 0 0 0 0 0 0 0 0 0 0 0 0 0 0
Marcia_100000 1 0 0 0 0 0 0 0 0 1 1 1 1 2 70 70 70 70 70 70 71
Marcia_500000 1 0 0 0 0 0 0 0 0 1 1 1 1 2 4 4 4 4 4 4 5
Marcia_1000000 1 0 0 0 0 0 0 0 0 1 1 1 1 2 2 2 2 2 2 2 2
Marcia_2000000 1 0 0 0 0 0 0 0 0 1 1 1 1 2 2 2 2 2 2 2 2
Sam_100000 0 0 0 0 0 0 0 0 0 0 0 0 0 0 98 98 98 98 98 98 98
Sam_500000 0 0 0 0 0 0 0 0 0 0 0 0 0 0 8 8 8 8 8 8 8
Sam_1000000 0 0 0 0 0 0 0 0 0 0 0 0 0 0 0 0 0 0 0 0 0
Sam_2000000 0 0 0 0 0 0 0 0 0 0 0 0 0 0 0 0 0 0 0 0 0
Lydia_100000 0 0 0 0 0 0 0 0 0 0 0 0 0 0 72 72 72 72 72 72 72
Lydia_500000 0 0 0 0 0 0 0 0 0 0 0 0 0 0 0 0 0 0 0 0 0
Lydia_1000000 0 0 0 0 0 0 0 0 0 0 0 0 0 0 0 0 0 0 0 0 0
Lydia_2000000 0 0 0 0 0 0 0 0 0 0 0 0 0 0 0 0 0 0 0 0 0
Bertie_100000 1 0 0 0 0 0 0 0 2 11 61 61 61 63 113 113 113 113 113 114 141
Bertie_500000 1 0 0 0 0 0 0 0 2 11 11 11 11 13 13 13 13 13 13 14 34
Bertie_1000000 1 0 0 0 0 0 0 0 2 11 11 11 11 13 13 13 13 13 13 14 34
Bertie_2000000 1 0 0 0 0 0 0 0 0 9 9 9 9 11 11 11 11 11 11 12 31
Steven_100000 1 0 0 0 0 0 2 2 2 3 21 21 55 56 88 88 88 88 88 88 89
Steven_500000 1 0 0 0 0 0 2 2 2 3 3 3 5 6 8 8 8 8 8 8 9
Steven_1000000 1 0 0 0 0 0 2 2 2 3 3 3 5 6 8 8 8 8 8 8 9
Steven_2000000 1 0 0 0 0 0 2 2 2 3 3 3 5 6 6 6 6 6 6 6 6
Martha_100000 1 0 0 0 0 0 0 0 0 0 0 0 0 0 50 50 50 50 50 50 50
Martha_500000 1 0 0 0 0 0 0 0 0 0 0 0 0 0 0 0 0 0 0 0 0
Martha_1000000 1 0 0 0 0 0 0 0 0 0 0 0 0 0 0 0 0 0 0 0 0
Martha_2000000 1 0 0 0 0 0 0 0 0 0 0 0 0 0 0 0 0 0 0 0 0
Jamie_100000 1 0 0 0 0 0 0 0 0 1 19 19 37 38 70 70 70 70 70 70 79
Jamie_500000 1 0 0 0 0 0 0 0 0 1 1 1 1 2 4 4 4 4 4 4 5
Jamie_1000000 1 0 0 0 0 0 0 0 0 1 1 1 1 2 2 2 2 2 2 2 3
Jamie_2000000 1 0 0 0 0 0 0 0 0 1 1 1 1 2 2 2 2 2 2 2 3
Latashia_100000 1 0 0 0 0 0 0 0 0 1 1 1 1 2 106 178 178 178 178 178 178
Latashia_500000 1 0 0 0 0 0 0 0 0 1 1 1 1 2 10 10 10 10 10 10 10
Latashia_1000000 1 0 0 0 0 0 0 0 0 1 1 1 1 2 10 10 10 10 10 10 10
Latashia_2000000 1 0 0 0 0 0 0 0 0 1 1 1 1 2 2 2 2 2 2 2 2
Ahmad_100000 1 0 0 0 0 0 0 0 0 1 1 1 1 2 52 52 52 52 52 52 55
Ahmad_500000 1 0 0 0 0 0 0 0 0 1 1 1 1 2 2 2 2 2 2 2 5
Ahmad_1000000 1 0 0 0 0 0 0 0 0 1 1 1 1 2 2 2 2 2 2 2 7
Ahmad_2000000 1 0 0 0 0 0 0 0 0 1 1 1 1 2 2 2 2 2 2 2 4
David_100000 2 0 24 28 28 36 36 36 36 36 36 36 36 71 152 202 202 206 222 242 243
David_500000 2 0 28 28 28 36 36 36 36 36 36 36 36 39 56 56 56 60 76 96 97
David_1000000 2 0 18 18 18 26 26 26 26 26 26 26 26 29 36 36 36 40 56 68 69
David_2000000 2 0 4 4 4 12 12 12 12 12 12 12 12 15 24 24 24 28 44 56 57
Brant_100000 0 0 0 0 0 0 0 0 0 0 0 0 0 0 226 226 226 226 226 226 226
Brant_500000 0 0 0 0 0 0 0 0 0 0 0 0 0 0 0 0 0 0 0 0 0
Brant_1000000 0 0 0 0 0 0 0 0 0 0 0 0 0 0 0 0 0 0 0 0 0
Brant_2000000 0 0 0 0 0 0 0 0 0 0 0 0 0 0 0 0 0 0 0 0 0
Jan_100000 1 0 0 0 0 0 0 0 0 1 9 9 9 10 60 60 60 60 60 60 63
Jan_500000 1 0 0 0 0 0 0 0 0 1 1 1 1 2 4 4 4 4 4 4 9
Jan_1000000 1 0 0 0 0 0 0 0 0 1 1 1 1 2 2 2 2 2 2 2 4
Jan_2000000 1 0 0 0 0 0 0 0 0 1 1 1 1 2 2 2 2 2 2 2 4
Kimberly_100000 0 0 0 0 0 0 0 0 0 0 0 0 0 0 144 144 144 144 144 144 144
Kimberly_500000 0 0 0 0 0 0 0 0 0 0 0 0 0 0 32 32 32 32 32 32 32
Kimberly_1000000 0 0 0 0 0 0 0 0 0 0 0 0 0 0 0 0 0 0 0 0 0
Kimberly_2000000 0 0 0 0 0 0 0 0 0 0 0 0 0 0 0 0 0 0 0 0 0
Lucy_100000 1 0 0 0 0 0 0 0 0 1 19 19 51 52 70 70 70 70 70 70 75
Lucy_500000 1 0 0 0 0 0 0 0 0 1 1 1 1 2 2 2 2 2 2 2 7
Lucy_1000000 1 0 0 0 0 0 0 0 0 1 1 1 1 2 2 2 2 2 2 2 4
Lucy_2000000 1 0 0 0 0 0 0 0 0 1 1 1 1 2 2 2 2 2 2 2 4
Barbara_100000 0 0 0 0 0 0 0 0 0 0 0 0 0 0 144 144 144 144 144 144 144
Barbara_500000 0 0 0 0 0 0 0 0 0 0 0 0 0 0 0 0 0 0 0 0 0
Barbara_1000000 0 0 0 0 0 0 0 0 0 0 0 0 0 0 0 0 0 0 0 0 0
Barbara_2000000 0 0 0 0 0 0 0 0 0 0 0 0 0 0 0 0 0 0 0 0 0
Kelly_100000 0 0 0 0 0 0 0 0 0 0 0 0 0 1 198 198 198 198 198 198 198
Kelly_500000 0 0 0 0 0 0 0 0 0 0 0 0 0 1 52 52 52 52 52 52 52
Kelly_1000000 0 0 0 0 0 0 0 0 0 0 0 0 0 1 2 2 2 2 2 2 2
Kelly_2000000 0 0 0 0 0 0 0 0 0 0 0 0 0 1 2 2 2 2 2 2 2
Richard_100000 0 0 0 0 0 0 0 0 0 0 0 0 50 50 166 166 166 166 166 166 166
Richard_500000 0 0 0 0 0 0 0 0 0 0 0 0 0 0 8 8 8 8 8 8 8
Richard_1000000 0 0 0 0 0 0 0 0 0 0 0 0 0 0 2 2 2 2 2 2 2
Richard_2000000 0 0 0 0 0 0 0 0 0 0 0 0 0 0 0 0 0 0 0 0 0
Kathleen_100000 2 0 1 1 1 1 1 1 1 1 1 1 3 3 75 107 107 110 114 115 115
Kathleen_500000 2 0 1 1 1 1 1 1 1 1 1 1 3 3 5 5 5 8 12 13 13
Kathleen_1000000 2 0 1 1 1 1 1 1 1 1 1 1 3 3 5 5 5 8 12 13 13
Kathleen_2000000 2 0 5 5 5 5 5 5 5 5 5 5 13 13 13 13 13 18 22 23 23
Christopher_100000 0 0 0 0 0 0 0 0 0 0 0 0 0 0 226 226 226 226 226 226 226
Christopher_500000 0 0 0 0 0 0 0 0 0 0 0 0 0 0 16 16 16 16 16 16 16
Christopher_1000000 0 0 0 0 0 0 0 0 0 0 0 0 0 0 0 0 0 0 0 0 0
Christopher_2000000 0 0 0 0 0 0 0 0 0 0 0 0 0 0 0 0 0 0 0 0 0
William_100000 0 0 0 0 0 0 0 0 0 0 0 0 0 0 32 32 32 32 32 32 32
William_500000 0 0 0 0 0 0 0 0 0 0 0 0 0 0 0 0 0 0 0 0 0
William_1000000 0 0 0 0 0 0 0 0 0 0 0 0 0 0 0 0 0 0 0 0 0
William_2000000 0 0 0 0 0 0 0 0 0 0 0 0 0 0 0 0 0 0 0 0 0
George_100000 0 0 0 0 0 0 0 0 0 0 0 0 0 0 256 256 256 256 256 256 256
George_500000 0 0 0 0 0 0 0 0 0 0 0 0 0 0 0 0 0 0 0 0 0
George_1000000 0 0 0 0 0 0 0 0 0 0 0 0 0 0 0 0 0 0 0 0 0
George_2000000 0 0 0 0 0 0 0 0 0 0 0 0 0 0 0 0 0 0 0 0 0
Robert_100000 0 0 0 0 0 0 0 0 0 0 0 0 72 72 220 220 220 220 220 220 220
Robert_500000 0 0 0 0 0 0 0 0 0 0 0 0 0 0 0 0 0 0 0 0 0
Robert_1000000 0 0 0 0 0 0 0 0 0 0 0 0 0 0 0 0 0 0 0 0 0
Robert_2000000 0 0 0 0 0 0 0 0 0 0 0 0 0 0 0 0 0 0 0 0 0
James_100000 0 0 0 0 0 0 0 0 0 0 0 0 0 0 196 196 196 196 196 196 196
James_500000 0 0 0 0 0 0 0 0 0 0 0 0 0 0 18 18 18 18 18 18 18
James_1000000 0 0 0 0 0 0 0 0 0 0 0 0 0 0 0 0 0 0 0 0 0
James_2000000 0 0 0 0 0 0 0 0 0 0 0 0 0 0 0 0 0 0 0 0 0
Bruce_100000 0 0 0 0 0 0 0 0 0 0 0 0 0 0 90 90 90 90 90 90 90
Bruce_500000 0 0 0 0 0 0 0 0 0 0 0 0 0 0 0 0 0 0 0 0 0
Bruce_1000000 0 0 0 0 0 0 0 0 0 0 0 0 0 0 0 0 0 0 0 0 0
Bruce_2000000 0 0 0 0 0 0 0 0 0 0 0 0 0 0 0 0 0 0 0 0 0
Emily_100000 2 0 1 1 1 1 1 1 1 1 1 1 35 35 85 85 85 88 92 93 93
Emily_500000 2 0 1 1 1 1 1 1 1 1 1 1 3 3 3 3 3 6 10 11 11
Emily_1000000 2 0 1 1 1 1 1 1 1 1 1 1 3 3 3 3 3 6 10 11 11
Emily_2000000 2 0 1 1 1 1 1 1 1 1 1 1 3 3 3 3 3 4 8 9 9
Peggy_100000 1 0 0 0 0 0 0 0 0 1 9 9 9 10 34 34 34 34 34 34 43
Peggy_500000 1 0 0 0 0 0 0 0 0 1 1 1 1 2 4 4 4 4 4 4 9
Peggy_1000000 1 0 0 0 0 0 0 0 0 1 1 1 1 2 4 4 4 4 4 4 6
Peggy_2000000 1 0 0 0 0 0 0 0 0 1 1 1 1 2 2 2 2 2 2 2 4
Max_100000 1 0 0 0 0 0 0 0 0 1 1 1 1 2 34 34 34 34 34 34 39
Max_500000 1 0 0 0 0 0 0 0 0 1 1 1 1 2 4 4 4 4 4 4 9
Max_1000000 1 0 0 0 0 0 0 0 0 1 1 1 1 2 4 4 4 4 4 4 6
Max_2000000 1 0 0 0 0 0 0 0 0 1 1 1 1 2 2 2 2 2 2 2 3
Marion_100000 2 0 36 40 40 48 48 48 48 48 48 48 98 98 156 206 206 210 226 246 246
Marion_500000 2 0 40 40 40 48 48 48 48 48 48 48 48 48 64 64 64 68 84 104 104
Marion_1000000 2 0 16 16 16 24 24 24 24 24 24 24 24 24 32 32 32 36 52 62 62
Marion_2000000 2 0 4 4 4 12 12 12 12 12 12 12 12 12 20 20 20 24 40 52 52
Gretta_100000 2 0 0 0 0 0 0 0 0 0 0 0 0 0 26 44 44 44 44 44 44
Gretta_500000 2 0 0 0 0 0 0 0 0 0 0 0 0 0 2 2 2 2 2 2 2
Gretta_1000000 2 0 0 0 0 0 0 0 0 0 0 0 0 0 2 2 2 2 2 2 2
Gretta_2000000 2 0 0 0 0 0 0 0 0 0 0 0 0 0 0 0 0 0 0 0 0
Elizabeth_100000 0 0 0 0 0 0 0 0 0 0 0 0 0 0 122 122 122 122 122 122 122
Elizabeth_500000 0 0 0 0 0 0 0 0 0 0 0 0 0 0 0 0 0 0 0 0 0
Elizabeth_1000000 0 0 0 0 0 0 0 0 0 0 0 0 0 0 0 0 0 0 0 0 0
Elizabeth_2000000 0 0 0 0 0 0 0 0 0 0 0 0 0 0 0 0 0 0 0 0 0
Cory_100000 2 0 9 10 10 12 12 12 12 12 12 12 30 30 64 82 82 85 89 92 92
Cory_500000 2 0 10 10 10 12 12 12 12 12 12 12 12 12 16 16 16 19 23 26 26
Cory_1000000 2 0 4 4 4 6 6 6 6 6 6 6 6 6 8 8 8 11 15 18 18
Cory_2000000 2 0 4 4 4 6 6 6 6 6 6 6 6 6 8 8 8 11 15 18 18
Carmen_100000 2 0 1 1 1 1 1 1 1 1 1 1 3 21 47 47 49 58 62 65 65
Carmen_500000 2 0 1 1 1 1 1 1 1 1 1 1 3 3 5 5 7 16 20 23 23
Carmen_1000000 2 0 1 1 1 1 1 1 1 1 1 1 3 3 3 3 3 12 16 17 17
Carmen_2000000 2 0 4 4 4 4 4 4 4 4 4 4 12 12 12 12 12 16 32 38 38
Heather_100000 1 0 0 0 0 0 0 2 2 21 39 39 47 48 74 74 74 74 74 74 75
Heather_500000 1 0 0 0 0 0 0 2 2 3 3 3 3 4 6 6 6 6 6 6 7
Heather_1000000 1 0 0 0 0 0 0 2 2 3 3 3 3 4 6 6 6 6 6 6 6
Heather_2000000 1 0 0 0 0 0 0 0 0 1 1 1 1 2 2 2 2 2 2 2 2
Angela_100000 0 0 0 0 0 0 0 0 0 0 0 0 0 0 64 64 64 64 64 64 64
Angela_500000 0 0 0 0 0 0 0 0 0 0 0 0 0 0 0 0 0 0 0 0 0
Angela_1000000 0 0 0 0 0 0 0 0 0 0 0 0 0 0 0 0 0 0 0 0 0
Angela_2000000 0 0 0 0 0 0 0 0 0 0 0 0 0 0 0 0 0 0 0 0 0
Brandon_100000 1 0 0 0 0 0 0 0 0 1 9 9 9 10 28 28 28 28 28 28 31
Brandon_500000 1 0 0 0 0 0 0 0 0 1 1 1 1 2 4 4 4 4 4 4 9
Brandon_1000000 1 0 0 0 0 0 0 0 0 1 1 1 1 2 2 2 2 2 2 2 4
Brandon_2000000 1 0 0 0 0 0 0 0 0 1 1 1 1 2 2 2 2 2 2 2 4
Norene_100000 0 0 0 0 0 0 0 0 0 0 0 0 0 0 72 144 144 144 144 144 144
Norene_500000 0 0 0 0 0 0 0 0 0 0 0 0 0 0 8 8 8 8 8 8 8
Norene_1000000 0 0 0 0 0 0 0 0 0 0 0 0 0 0 0 0 0 0 0 0 0
Norene_2000000 0 0 0 0 0 0 0 0 0 0 0 0 0 0 0 0 0 0 0 0 0
Willie_100000 2 0 1 1 1 1 1 1 1 1 1 1 33 33 65 97 97 98 100 103 103
Willie_500000 2 0 1 1 1 1 1 1 1 1 1 1 1 1 3 3 3 4 6 9 9
Willie_1000000 2 0 1 1 1 1 1 1 1 1 1 1 1 1 3 3 3 4 6 9 9
Willie_2000000 2 0 1 1 1 1 1 1 1 1 1 1 1 1 1 1 1 2 4 7 7
Frances_100000 2 0 1 1 1 1 1 1 1 1 1 1 21 57 89 89 91 94 98 99 99
Frances_500000 2 0 1 1 1 1 1 1 1 1 1 1 3 3 3 3 5 8 12 13 13
Frances_1000000 2 0 1 1 1 1 1 1 1 1 1 1 3 3 3 3 3 6 10 11 11
Frances_2000000 2 0 4 4 4 4 4 4 4 4 4 4 12 12 12 12 12 16 30 34 34
Garry_100000 0 0 0 0 0 0 0 0 0 0 0 0 0 0 256 256 256 256 256 256 256
Garry_500000 0 0 0 0 0 0 0 0 0 0 0 0 0 0 8 8 8 8 8 8 8
Garry_1000000 0 0 0 0 0 0 0 0 0 0 0 0 0 0 0 0 0 0 0 0 0
Garry_2000000 0 0 0 0 0 0 0 0 0 0 0 0 0 0 0 0 0 0 0 0 0
Leslie_100000 1 0 0 0 0 0 0 0 0 1 1 1 1 2 28 36 36 36 36 36 39
Leslie_500000 1 0 0 0 0 0 0 0 0 1 1 1 1 2 4 4 4 4 4 4 9
Leslie_1000000 1 0 0 0 0 0 0 0 0 1 1 1 1 2 2 2 2 2 2 2 4
Leslie_2000000 1 0 0 0 0 0 0 0 0 1 1 1 1 2 2 2 2 2 2 2 4
Mark_100000 0 0 0 0 0 0 0 0 0 0 0 0 0 0 226 226 226 226 226 226 226
Mark_500000 0 0 0 0 0 0 0 0 0 0 0 0 0 0 0 0 0 0 0 0 0
Mark_1000000 0 0 0 0 0 0 0 0 0 0 0 0 0 0 0 0 0 0 0 0 0
Mark_2000000 0 0 0 0 0 0 0 0 0 0 0 0 0 0 0 0 0 0 0 0 0
Margaret_100000 2 0 1 1 1 1 1 1 1 1 1 1 3 3 53 53 55 58 62 63 63
Margaret_500000 2 0 1 1 1 1 1 1 1 1 1 1 3 3 5 5 7 10 14 15 15
Margaret_1000000 2 0 1 1 1 1 1 1 1 1 1 1 3 3 3 3 3 6 10 11 11
Margaret_2000000 2 0 1 1 1 1 1 1 1 1 1 1 3 3 3 3 3 6 10 11 11
