Thomas_100000 0 3 8 8 8 8 8 8 8 8 8 8 8 24 53 53 53 53 53 53 60
Thomas_500000 0 3 8 8 8 8 8 8 8 8 8 8 8 15 27 27 27 27 27 27 34
Thomas_1000000 0 3 8 8 8 8 8 8 8 8 8 8 8 15 18 18 18 18 18 18 25
Thomas_2000000 0 3 8 8 8 8 8 8 8 8 8 8 8 15 18 18 18 18 18 18 23
Jessica_100000 2 5 19 19 19 19 19 19 19 19 19 19 34 47 71 81 86 91 101 110 110
Jessica_500000 2 5 12 12 12 12 12 12 12 12 12 12 17 29 37 44 49 54 64 72 72
Jessica_1000000 2 5 12 12 12 12 12 12 12 12 12 12 17 22 29 36 36 41 51 54 54
Jessica_2000000 2 6 10 10 10 10 10 10 10 10 10 10 17 23 23 23 23 38 56 65 65
Laverne_100000 0 4 4 4 4 4 4 4 4 4 4 4 4 4 32 32 32 32 32 32 32
Laverne_500000 0 4 4 4 4 4 4 4 4 4 4 4 4 4 4 4 4 4 4 4 4
Laverne_1000000 0 4 4 4 4 4 4 4 4 4 4 4 4 4 4 4 4 4 4 4 4
Laverne_2000000 0 4 4 4 4 4 4 4 4 4 4 4 4 4 4 4 4 4 4 4 4
Irene_100000 1 3 3 3 3 3 3 3 3 46 51 51 51 54 64 64 64 64 64 64 66
Irene_500000 1 3 3 3 3 3 3 3 3 32 32 32 32 35 35 35 35 35 35 35 37
Irene_1000000 1 2 2 2 2 2 2 2 2 22 27 27 32 44 44 44 44 44 44 44 45
Irene_2000000 1 2 2 2 2 2 2 2 2 18 23 23 23 35 35 35 35 35 35 35 35
Annette_100000 1 3 3 3 3 3 3 3 3 7 12 12 12 15 25 25 25 25 25 25 34
Annette_500000 1 3 3 3 3 3 3 3 3 7 7 7 7 10 10 10 10 10 10 10 19
Annette_1000000 1 3 3 3 3 3 3 3 3 7 7 7 7 10 10 10 10 10 10 10 16
Annette_2000000 1 3 3 3 3 3 3 3 3 7 7 7 7 10 10 10 10 10 10 10 17
Dorothy_100000 0 3 3 3 3 3 3 3 3 3 3 3 3 3 16 16 16 16 16 16 16
Dorothy_500000 0 3 3 3 3 3 3 3 3 3 3 3 3 3 3 3 3 3 3 3 3
Dorothy_1000000 0 3 3 3 3 3 3 3 3 3 3 3 3 3 3 3 3 3 3 3 3
Dorothy_2000000 0 3 3 3 3 3 3 3 3 3 3 3 3 3 3 3 3 3 3 3 3
Raymond_100000 1 3 3 3 3 3 3 3 3 7 7 7 19 22 52 52 52 52 52 52 58
Raymond_500000 1 2 2 2 2 2 2 2 2 5 5 5 5 7 12 12 12 12 12 12 16
Raymond_1000000 1 2 2 2 2 2 2 2 2 5 5 5 5 7 12 12 12 12 12 12 17
Raymond_2000000 1 2 2 2 2 2 2 2 2 5 5 5 5 7 7 7 7 7 7 7 12
Anthony_100000 1 3 8 8 8 8 8 8 8 17 24 38 45 47 61 74 77 77 77 79 93
Anthony_500000 1 3 8 8 8 8 8 8 8 17 24 38 45 47 57 59 62 62 62 64 78
Anthony_1000000 1 3 8 8 8 8 8 8 10 17 24 38 45 47 50 52 55 55 55 57 71
Anthony_2000000 1 3 8 8 8 8 8 8 10 17 24 38 45 47 50 52 55 55 55 57 65
Nelson_100000 2 4 7 7 7 7 7 7 7 7 7 7 12 12 22 32 32 37 47 50 50
Nelson_500000 2 4 7 7 7 7 7 7 7 7 7 7 12 12 12 12 12 17 27 30 30
Nelson_1000000 2 6 15 15 15 15 15 15 15 15 15 15 22 22 22 22 22 29 43 47 47
Nelson_2000000 2 6 15 15 15 15 15 15 15 15 15 15 22 22 22 22 22 30 44 48 48
Eric_100000 1 3 10 10 10 10 10 10 10 14 26 26 38 41 51 51 51 51 51 51 60
Eric_500000 1 3 10 10 10 10 10 10 10 14 21 21 21 24 24 24 24 24 24 24 31
Eric_1000000 1 3 10 10 10 10 10 10 10 14 21 21 21 24 24 24 24 24 24 24 31
Eric_2000000 1 3 3 3 3 3 3 3 3 7 14 14 14 17 17 17 17 17 17 17 24
Erika_100000 2 3 13 16 16 24 24 24 24 24 24 24 34 34 51 51 51 56 66 74 74
Erika_500000 2 3 16 16 16 24 24 24 24 24 24 24 24 24 31 31 31 36 46 54 54
Erika_1000000 2 3 16 16 16 24 24 24 24 24 24 24 24 24 31 31 31 36 46 54 54
Erika_2000000 2 2 2 2 2 7 7 7 7 7 7 7 7 7 12 12 12 13 19 24 24
Patricia_100000 0 2 2 2 2 2 2 2 2 2 2 2 2 2 17 17 17 17 17 17 17
Patricia_500000 0 2 2 2 2 2 2 2 2 2 2 2 2 2 2 2 2 2 2 2 2
Patricia_1000000 0 2 2 2 2 2 2 2 2 2 2 2 2 2 2 2 2 2 2 2 2
Patricia_2000000 0 2 2 2 2 2 2 2 2 2 2 2 2 2 2 2 2 2 2 2 2
Judith_100000 0 2 2 2 2 2 2 2 2 2 2 2 2 2 19 19 19 19 19 19 19
Judith_500000 0 2 2 2 2 2 2 2 2 2 2 2 2 2 2 2 2 2 2 2 2
Judith_1000000 0 2 2 2 2 2 2 2 2 2 2 2 2 2 2 2 2 2 2 2 2
Judith_2000000 0 2 2 2 2 2 2 2 2 2 2 2 2 2 2 2 2 2 2 2 2
Sandra_100000 0 3 3 3 3 3 3 3 3 3 3 3 3 3 29 29 29 29 29 29 29
Sandra_500000 0 3 3 3 3 3 3 3 3 3 3 3 3 3 3 3 3 3 3 3 3
Sandra_1000000 0 3 3 3 3 3 3 3 3 3 3 3 3 3 3 3 3 3 3 3 3
Sandra_2000000 0 3 3 3 3 3 3 3 3 3 3 3 3 3 3 3 3 3 3 3 3
Napoleon_100000 1 2 2 2 2 2 2 2 2 2 2 2 2 12 36 36 38 38 38 38 42
Napoleon_500000 1 2 2 2 2 2 2 2 2 2 2 2 2 15 22 22 24 24 24 24 25
Napoleon_1000000 1 2 2 2 2 2 2 2 2 2 2 2 2 15 22 22 24 24 24 24 25
Napoleon_2000000 1 2 2 2 2 2 2 2 2 2 2 2 2 10 10 10 12 12 12 12 13
Dolores_100000 2 4 18 22 22 32 32 32 32 32 32 32 45 45 79 79 79 86 100 111 111
Dolores_500000 2 4 22 22 22 32 32 32 32 32 32 32 32 32 41 41 41 48 62 73 73
Dolores_1000000 2 4 21 21 21 31 31 31 31 31 31 31 31 31 40 40 40 47 61 72 72
Dolores_2000000 2 4 20 20 20 30 30 30 30 30 30 30 30 30 39 39 39 47 61 72 72
Eloisa_100000 1 3 3 3 3 3 3 3 3 7 12 12 24 27 46 46 46 46 46 46 52
Eloisa_500000 1 3 3 3 3 3 3 3 3 7 7 7 7 10 17 17 17 17 17 17 23
Eloisa_1000000 1 3 3 3 3 3 3 3 3 7 7 7 7 10 10 10 10 10 10 10 16
Eloisa_2000000 1 3 3 3 3 3 3 3 3 7 7 7 7 10 10 10 10 10 10 10 17
Gerald_100000 0 2 7 7 7 7 7 7 7 10 10 10 15 20 31 31 31 31 31 31 31
Gerald_500000 0 2 7 7 7 7 7 7 7 10 10 10 15 20 27 27 27 27 27 27 27
Gerald_1000000 0 2 7 7 7 7 7 7 7 10 10 10 15 20 22 22 22 22 22 22 22
Gerald_2000000 0 2 7 7 7 7 7 7 7 10 10 10 15 20 22 22 22 22 22 22 22
Diane_100000 1 3 3 3 3 3 3 3 3 7 12 12 12 15 37 37 37 37 37 37 44
Diane_500000 1 3 3 3 3 3 3 3 3 7 7 7 7 10 22 22 22 22 22 22 24
Diane_1000000 1 3 3 3 3 3 3 3 3 7 7 7 7 10 10 10 10 10 10 10 12
Diane_2000000 1 3 3 3 3 3 3 3 3 7 7 7 7 10 10 10 10 10 10 10 12
Patrick_100000 1 2 2 2 2 2 2 8 8 16 20 20 24 26 39 45 45 45 45 45 46
Patrick_500000 1 2 2 2 2 2 2 8 8 16 16 16 16 18 23 29 29 29 29 29 30
Patrick_1000000 1 2 2 2 2 2 2 8 8 16 16 16 16 18 23 29 29 29 29 29 29
Patrick_2000000 1 2 2 2 2 2 2 7 7 10 10 10 10 12 12 17 17 17 17 17 17
Nicole_100000 1 3 3 3 3 3 3 3 3 7 12 12 24 27 38 47 47 47 47 47 53
Nicole_500000 1 3 3 3 3 3 3 3 3 7 7 7 7 10 17 17 17 17 17 17 23
Nicole_1000000 1 3 3 3 3 3 3 3 3 7 7 7 7 10 17 17 17 17 17 17 23
Nicole_2000000 1 3 3 3 3 3 3 3 3 7 7 7 7 10 10 10 10 10 10 10 17
Alvin_100000 0 3 3 3 3 3 3 3 3 3 3 3 3 3 29 29 29 29 29 29 29
Alvin_500000 0 3 3 3 3 3 3 3 3 3 3 3 3 3 3 3 3 3 3 3 3
Alvin_1000000 0 3 3 3 3 3 3 3 3 3 3 3 3 3 3 3 3 3 3 3 3
Alvin_2000000 0 3 3 3 3 3 3 3 3 3 3 3 3 3 3 3 3 3 3 3 3
Travis_100000 2 2 2 2 2 12 17 17 17 17 17 17 17 17 24 24 24 33 33 33 33
Travis_500000 2 2 2 2 2 12 17 17 17 17 17 17 17 17 17 17 17 26 26 26 26
Travis_1000000 2 2 2 2 2 7 12 12 12 12 12 12 12 12 12 12 12 18 18 18 18
Travis_2000000 2 2 2 2 2 2 7 7 7 7 7 7 7 7 7 7 7 10 10 10 10
Tommy_100000 0 4 4 4 4 4 4 4 4 4 4 4 18 18 46 46 46 46 46 46 46
Tommy_500000 0 4 4 4 4 4 4 4 4 4 4 4 4 4 15 15 15 15 15 15 15
Tommy_1000000 0 4 4 4 4 4 4 4 4 4 4 4 4 4 14 14 14 14 14 14 14
Tommy_2000000 0 4 4 4 4 4 4 4 4 4 4 4 4 4 4 4 4 4 4 4 4
Timothy_100000 1 2 2 2 2 2 2 2 2 5 14 14 14 16 28 28 28 28 28 29 37
Timothy_500000 1 2 2 2 2 2 2 2 2 5 10 10 10 12 17 17 17 17 17 18 24
Timothy_1000000 1 2 2 2 2 2 2 2 2 5 10 10 10 12 12 12 12 12 12 13 20
Timothy_2000000 1 2 2 2 2 2 2 2 2 5 5 5 5 7 7 7 7 7 7 8 15
Paul_100000 2 3 13 13 13 27 34 34 34 34 34 34 34 34 59 59 59 61 71 79 79
Paul_500000 2 3 13 13 13 27 34 34 34 34 34 34 34 34 41 41 41 43 53 61 61
Paul_1000000 2 3 11 11 11 25 32 32 32 32 32 32 32 32 39 39 39 41 51 59 59
Paul_2000000 2 3 10 10 10 24 31 31 31 31 31 31 31 31 38 38 38 40 50 58 58
Elmer_100000 2 4 14 14 14 24 24 24 24 24 24 24 24 24 60 60 69 72 86 90 90
Elmer_500000 2 4 14 14 14 24 24 24 24 24 24 24 24 24 44 44 53 56 70 74 74
Elmer_1000000 2 4 4 4 4 14 14 14 14 14 14 14 14 14 23 23 32 35 49 53 53
Elmer_2000000 2 4 4 4 4 13 13 13 13 13 13 13 13 13 22 22 31 34 48 52 52
Tonya_100000 1 3 3 3 3 3 3 3 3 19 24 24 36 39 58 68 68 68 68 68 74
Tonya_500000 1 3 3 3 3 3 3 3 3 7 7 7 7 10 17 17 17 17 17 17 23
Tonya_1000000 1 3 3 3 3 3 3 3 3 7 7 7 7 10 17 17 17 17 17 17 24
Tonya_2000000 1 3 3 3 3 3 3 3 3 7 7 7 7 10 10 10 10 10 10 10 17
Della_100000 1 3 3 3 3 3 3 3 3 7 12 12 12 15 36 36 36 36 36 36 42
Della_500000 1 3 3 3 3 3 3 3 3 7 7 7 7 10 17 17 17 17 17 17 19
Della_1000000 1 3 3 3 3 3 3 3 3 7 7 7 7 10 10 10 10 10 10 10 12
Della_2000000 1 3 3 3 3 3 3 3 3 7 7 7 7 10 10 10 10 10 10 10 12
Vern_100000 1 2 2 2 2 2 2 2 2 17 17 17 17 19 27 27 27 27 27 27 27
Vern_500000 1 2 2 2 2 2 2 2 2 17 17 17 17 19 24 24 24 24 24 24 24
Vern_1000000 1 2 2 2 2 2 2 2 2 17 17 17 17 19 24 24 24 24 24 24 24
Vern_2000000 1 2 2 2 2 2 2 2 2 17 17 17 17 19 19 19 19 19 19 19 19
Bobby_100000 1 2 2 2 2 2 2 2 2 14 18 18 27 29 42 42 42 42 42 42 48
Bobby_500000 1 2 2 2 2 2 2 2 2 5 5 5 5 7 12 12 12 12 12 12 16
Bobby_1000000 1 2 2 2 2 2 2 2 2 5 5 5 5 7 12 12 12 12 12 12 17
Bobby_2000000 1 2 2 2 2 2 2 2 2 5 5 5 5 7 7 7 7 7 7 7 10
Kevin_100000 2 4 15 15 15 33 42 42 42 42 42 42 56 56 75 89 89 97 111 122 122
Kevin_500000 2 4 15 15 15 33 42 42 42 42 42 42 42 42 51 51 51 59 73 84 84
Kevin_1000000 2 4 14 14 14 32 41 41 41 41 41 41 41 41 50 50 50 58 72 83 83
Kevin_2000000 2 4 4 4 4 22 31 31 31 31 31 31 31 31 40 40 40 43 57 68 68
Sara_100000 0 2 2 2 2 2 2 2 2 2 2 2 2 2 25 25 25 25 25 25 25
Sara_500000 0 2 2 2 2 2 2 2 2 2 2 2 2 2 8 8 8 8 8 8 8
Sara_1000000 0 2 2 2 2 2 2 2 2 2 2 2 2 2 2 2 2 2 2 2 2
Sara_2000000 0 2 2 2 2 2 2 2 2 2 2 2 2 2 2 2 2 2 2 2 2
Brenda_100000 0 3 3 3 3 3 3 3 3 3 3 3 3 3 29 29 29 29 29 29 29
Brenda_500000 0 3 3 3 3 3 3 3 3 3 3 3 3 3 13 13 13 13 13 13 13
Brenda_1000000 0 3 3 3 3 3 3 3 3 3 3 3 3 3 3 3 3 3 3 3 3
Brenda_2000000 0 3 3 3 3 3 3 3 3 3 3 3 3 3 3 3 3 3 3 3 3
Edith_100000 0 2 2 2 2 2 2 2 2 2 2 2 2 2 21 21 21 21 21 21 21
Edith_500000 0 2 2 2 2 2 2 2 2 2 2 2 2 2 2 2 2 2 2 2 2
Edith_1000000 0 2 2 2 2 2 2 2 2 2 2 2 2 2 2 2 2 2 2 2 2
Edith_2000000 0 2 2 2 2 2 2 2 2 2 2 2 2 2 2 2 2 2 2 2 2
Jonathan_100000 0 4 4 4 4 4 4 4 4 4 4 4 4 4 32 32 32 32 32 32 32
Jonathan_500000 0 4 4 4 4 4 4 4 4 4 4 4 4 4 4 4 4 4 4 4 4
Jonathan_1000000 0 4 4 4 4 4 4 4 4 4 4 4 4 4 4 4 4 4 4 4 4
Jonathan_2000000 0 4 4 4 4 4 4 4 4 4 4 4 4 4 4 4 4 4 4 4 4
Cole_100000 1 3 3 3 3 3 3 3 3 3 3 3 3 7 21 21 24 24 24 26 35
Cole_500000 1 3 3 3 3 3 3 3 3 3 3 3 3 7 7 7 10 10 10 12 21
Cole_1000000 1 3 3 3 3 3 3 3 3 3 3 3 3 7 7 7 10 10 10 12 22
Cole_2000000 1 3 3 3 3 3 3 3 3 3 3 3 3 7 7 7 10 10 10 12 19
Howard_100000 2 4 7 7 7 7 7 7 7 15 15 15 20 20 39 39 44 49 59 67 67
Howard_500000 2 4 7 7 7 7 7 7 7 15 15 15 20 20 27 27 32 37 47 55 55
Howard_1000000 2 5 15 15 15 15 15 15 15 15 15 15 21 21 30 30 30 35 51 63 63
Howard_2000000 2 5 15 15 15 15 15 15 15 15 15 15 21 21 21 21 21 23 39 51 51
Rudolf_100000 2 3 3 3 3 10 17 17 17 17 17 17 27 37 51 61 61 61 61 61 63
Rudolf_500000 2 3 3 3 3 10 17 17 17 17 17 17 17 27 34 34 34 34 34 34 36
Rudolf_1000000 2 3 3 3 3 10 17 17 17 17 17 17 17 27 34 34 34 34 34 34 36
Rudolf_2000000 2 3 3 3 3 10 17 17 17 17 17 17 17 22 22 22 22 22 22 22 22
Vincent_100000 1 2 2 2 2 2 2 8 8 11 14 14 14 16 29 42 42 42 42 42 43
Vincent_500000 1 2 2 2 2 2 2 8 8 11 11 11 11 13 18 24 24 24 24 24 25
Vincent_1000000 1 2 2 2 2 2 2 8 8 11 11 11 11 13 18 24 24 24 24 24 24
Vincent_2000000 1 2 2 2 2 2 2 7 7 10 10 10 10 12 12 17 17 17 17 17 17
Elda_100000 1 3 3 3 3 3 3 3 3 7 12 12 12 15 26 36 36 36 36 36 38
Elda_500000 1 3 3 3 3 3 3 3 3 7 7 7 7 10 17 17 17 17 17 17 19
Elda_1000000 1 3 3 3 3 3 3 3 3 7 7 7 7 10 17 17 17 17 17 17 19
Elda_2000000 1 3 3 3 3 3 3 3 3 7 7 7 7 10 10 10 10 10 10 10 10
Shawn_100000 0 2 2 2 2 2 2 2 2 2 2 2 2 2 22 22 22 22 22 22 22
Shawn_500000 0 2 2 2 2 2 2 2 2 2 2 2 2 2 7 7 7 7 7 7 7
Shawn_1000000 0 2 2 2 2 2 2 2 2 2 2 2 2 2 2 2 2 2 2 2 2
Shawn_2000000 0 2 2 2 2 2 2 2 2 2 2 2 2 2 2 2 2 2 2 2 2
Jeff_100000 2 5 9 9 9 9 9 9 9 9 9 9 16 28 41 41 41 44 58 62 62
Jeff_500000 2 5 9 9 9 9 9 9 9 9 9 9 16 16 16 16 16 19 33 37 37
Jeff_1000000 2 5 9 9 9 9 9 9 9 9 9 9 16 16 16 16 16 19 33 37 37
Jeff_2000000 2 4 7 7 7 7 7 7 7 7 7 7 7 7 7 7 7 9 14 17 17
Katie_100000 2 4 18 22 22 32 32 32 32 32 32 32 45 45 69 69 69 71 83 99 99
Katie_500000 2 4 22 22 22 32 32 32 32 32 32 32 32 32 52 52 52 54 66 82 82
Katie_1000000 2 3 16 16 16 24 24 24 24 24 24 24 24 24 32 32 32 34 44 52 52
Katie_2000000 2 4 20 20 20 29 29 29 29 29 29 29 29 29 38 38 38 40 52 62 62
Janice_100000 1 2 2 2 2 2 2 2 2 5 9 9 9 11 18 18 18 18 18 18 19
Janice_500000 1 2 2 2 2 2 2 2 2 5 5 5 5 7 12 12 12 12 12 12 13
Janice_1000000 1 2 2 2 2 2 2 2 2 5 5 5 5 7 7 7 7 7 7 7 7
Janice_2000000 1 2 2 2 2 2 2 2 2 5 5 5 5 7 7 7 7 7 7 7 7
Joseph_100000 0 2 2 2 2 2 2 2 2 2 2 2 2 2 18 18 18 18 18 18 18
Joseph_500000 0 2 2 2 2 2 2 2 2 2 2 2 2 2 2 2 2 2 2 2 2
Joseph_1000000 0 2 2 2 2 2 2 2 2 2 2 2 2 2 2 2 2 2 2 2 2
Joseph_2000000 0 2 2 2 2 2 2 2 2 2 2 2 2 2 2 2 2 2 2 2 2
Debra_100000 1 2 2 2 2 2 2 2 2 5 5 5 5 7 21 28 28 28 28 28 34
Debra_500000 1 2 2 2 2 2 2 2 2 5 5 5 5 7 12 12 12 12 12 12 16
Debra_1000000 1 2 2 2 2 2 2 2 2 5 5 5 5 7 12 12 12 12 12 12 17
Debra_2000000 1 2 2 2 2 2 2 2 2 5 5 5 5 7 7 7 7 7 7 7 12
Rachel_100000 0 2 2 2 2 2 2 2 2 2 2 2 2 2 22 22 22 22 22 22 22
Rachel_500000 0 2 2 2 2 2 2 2 2 2 2 2 2 2 8 8 8 8 8 8 8
Rachel_1000000 0 2 2 2 2 2 2 2 2 2 2 2 2 2 2 2 2 2 2 2 2
Rachel_2000000 0 2 2 2 2 2 2 2 2 2 2 2 2 2 2 2 2 2 2 2 2
Lorraine_100000 0 2 2 2 2 2 2 2 2 2 2 10 10 10 29 29 29 29 29 29 29
Lorraine_500000 0 2 2 2 2 2 2 2 2 2 2 2 2 2 8 8 8 8 8 8 8
Lorraine_1000000 0 2 2 2 2 2 2 2 2 2 2 2 2 2 2 2 2 2 2 2 2
Lorraine_2000000 0 2 2 2 2 2 2 2 2 2 2 2 2 2 2 2 2 2 2 2 2
Janet_100000 0 4 4 4 4 4 4 4 4 4 4 4 4 4 18 18 18 18 18 18 18
Janet_500000 0 4 4 4 4 4 4 4 4 4 4 4 4 4 4 4 4 4 4 4 4
Janet_1000000 0 4 4 4 4 4 4 4 4 4 4 4 4 4 4 4 4 4 4 4 4
Janet_2000000 0 4 4 4 4 4 4 4 4 4 4 4 4 4 4 4 4 4 4 4 4
Charles_100000 0 2 2 2 2 2 2 2 2 2 2 2 2 2 25 25 25 25 25 25 25
Charles_500000 0 2 2 2 2 2 2 2 2 2 2 2 2 2 8 8 8 8 8 8 8
Charles_1000000 0 2 2 2 2 2 2 2 2 2 2 2 2 2 2 2 2 2 2 2 2
Charles_2000000 0 2 2 2 2 2 2 2 2 2 2 2 2 2 2 2 2 2 2 2 2
Michael_100000 1 2 2 2 2 2 2 2 2 5 5 5 5 7 15 22 22 22 22 22 23
Michael_500000 1 2 2 2 2 2 2 2 2 5 5 5 5 7 12 12 12 12 12 12 13
Michael_1000000 1 2 2 2 2 2 2 2 2 5 5 5 5 7 7 7 7 7 7 7 7
Michael_2000000 1 2 2 2 2 2 2 2 2 5 5 5 5 7 7 7 7 7 7 7 7
Constance_100000 2 4 7 7 7 7 7 7 7 7 7 7 12 12 22 22 22 27 37 40 40
Constance_500000 2 4 7 7 7 7 7 7 7 7 7 7 12 12 19 19 19 24 34 37 37
Constance_1000000 2 4 7 7 7 7 7 7 7 7 7 7 12 12 12 12 12 17 27 30 30
Constance_2000000 2 6 10 10 10 10 10 10 10 10 10 10 17 17 17 17 17 25 39 43 43
Selma_100000 1 2 2 2 2 2 2 2 2 16 35 35 35 42 48 48 48 48 48 48 56
Selma_500000 1 2 2 2 2 2 2 2 2 16 26 26 26 33 38 38 38 38 38 38 43
Selma_1000000 1 2 2 2 2 2 2 2 2 16 26 26 26 28 28 28 28 28 28 28 33
Selma_2000000 1 3 3 3 3 3 3 3 3 24 44 57 80 92 92 92 92 92 92 92 96
Genevieve_100000 0 2 2 2 2 2 2 2 2 2 2 2 2 2 26 26 26 26 26 26 26
Genevieve_500000 0 2 2 2 2 2 2 2 2 2 2 2 2 2 9 9 9 9 9 9 9
Genevieve_1000000 0 2 2 2 2 2 2 2 2 2 2 2 2 2 2 2 2 2 2 2 2
Genevieve_2000000 0 2 2 2 2 2 2 2 2 2 2 2 2 2 2 2 2 2 2 2 2
Helen_100000 0 2 2 2 2 2 2 2 2 2 2 2 2 2 11 11 11 11 11 11 11
Helen_500000 0 2 2 2 2 2 2 2 2 2 2 2 2 2 2 2 2 2 2 2 2
Helen_1000000 0 2 2 2 2 2 2 2 2 2 2 2 2 2 2 2 2 2 2 2 2
Helen_2000000 0 2 2 2 2 2 2 2 2 2 2 2 2 2 2 2 2 2 2 2 2
Brian_100000 1 3 3 3 3 3 3 3 3 7 7 7 7 10 21 32 32 32 32 32 38
Brian_500000 1 3 3 3 3 3 3 3 3 7 7 7 7 10 18 18 18 18 18 18 24
Brian_1000000 1 3 3 3 3 3 3 3 3 7 7 7 7 10 10 10 10 10 10 10 17
Brian_2000000 1 3 3 3 3 3 3 3 3 7 7 7 7 10 10 10 10 10 10 10 17
Gloria_100000 0 2 2 2 2 2 2 2 2 2 2 2 2 2 22 22 22 22 22 22 22
Gloria_500000 0 2 2 2 2 2 2 2 2 2 2 2 2 2 2 2 2 2 2 2 2
Gloria_1000000 0 2 2 2 2 2 2 2 2 2 2 2 2 2 2 2 2 2 2 2 2
Gloria_2000000 0 2 2 2 2 2 2 2 2 2 2 2 2 2 2 2 2 2 2 2 2
John_100000 0 2 2 2 2 2 2 2 2 2 2 2 2 2 22 22 22 22 22 22 22
John_500000 0 2 2 2 2 2 2 2 2 2 2 2 2 2 7 7 7 7 7 7 7
John_1000000 0 2 2 2 2 2 2 2 2 2 2 2 2 2 7 7 7 7 7 7 7
John_2000000 0 2 2 2 2 2 2 2 2 2 2 2 2 2 2 2 2 2 2 2 2
Keith_100000 0 2 2 2 2 2 2 2 2 2 2 2 2 2 19 19 19 19 19 19 19
Keith_500000 0 2 2 2 2 2 2 2 2 2 2 2 2 2 2 2 2 2 2 2 2
Keith_1000000 0 2 2 2 2 2 2 2 2 2 2 2 2 2 2 2 2 2 2 2 2
Keith_2000000 0 2 2 2 2 2 2 2 2 2 2 2 2 2 2 2 2 2 2 2 2
Gustavo_100000 0 2 2 2 2 2 2 2 2 2 2 2 2 2 24 24 24 24 24 24 24
Gustavo_500000 0 2 2 2 2 2 2 2 2 2 2 2 2 2 9 9 9 9 9 9 9
Gustavo_1000000 0 2 2 2 2 2 2 2 2 2 2 2 2 2 2 2 2 2 2 2 2
Gustavo_2000000 0 2 2 2 2 2 2 2 2 2 2 2 2 2 2 2 2 2 2 2 2
Joshua_100000 1 2 2 2 2 2 2 2 2 5 9 9 9 11 25 25 25 25 25 25 31
Joshua_500000 1 2 2 2 2 2 2 2 2 5 5 5 5 7 12 12 12 12 12 12 16
Joshua_1000000 1 2 2 2 2 2 2 2 2 5 5 5 5 7 7 7 7 7 7 7 12
Joshua_2000000 1 2 2 2 2 2 2 2 2 5 5 5 5 7 7 7 7 7 7 7 10
Lynnette_100000 1 2 2 2 2 2 2 2 2 10 19 19 24 26 34 34 34 34 34 34 43
Lynnette_500000 1 2 2 2 2 2 2 2 2 10 15 15 20 22 22 22 22 22 22 22 26
Lynnette_1000000 1 2 2 2 2 2 2 2 2 10 15 15 15 17 17 17 17 17 17 17 22
Lynnette_2000000 1 2 2 2 2 2 2 2 2 10 15 15 15 17 17 17 17 17 17 17 22
Agnes_100000 2 2 9 11 11 21 26 26 26 31 31 31 37 44 61 67 67 69 75 80 80
Agnes_500000 2 2 11 11 11 21 26 26 26 26 26 26 26 31 41 41 41 43 49 54 54
Agnes_1000000 2 3 23 23 23 37 44 44 44 44 44 44 44 65 72 72 72 77 87 95 95
Agnes_2000000 2 5 34 34 34 53 63 63 63 63 63 63 63 77 90 90 90 98 114 124 129
Eleanor_100000 0 2 2 2 2 2 2 2 2 2 2 2 2 2 17 17 17 17 17 17 17
Eleanor_500000 0 2 2 2 2 2 2 2 2 2 2 2 2 2 2 2 2 2 2 2 2
Eleanor_1000000 0 2 2 2 2 2 2 2 2 2 2 2 2 2 2 2 2 2 2 2 2
Eleanor_2000000 0 2 2 2 2 2 2 2 2 2 2 2 2 2 2 2 2 2 2 2 2
Abigail_100000 0 2 2 2 2 2 2 2 2 2 2 2 10 10 18 18 18 18 18 18 18
Abigail_500000 0 2 2 2 2 2 2 2 2 2 2 2 2 2 2 2 2 2 2 2 2
Abigail_1000000 0 2 2 2 2 2 2 2 2 2 2 2 2 2 2 2 2 2 2 2 2
Abigail_2000000 0 2 2 2 2 2 2 2 2 2 2 2 2 2 2 2 2 2 2 2 2
Rhonda_100000 2 5 9 9 9 9 9 9 9 9 9 9 29 29 43 57 57 64 78 82 82
Rhonda_500000 2 5 9 9 9 9 9 9 9 9 9 9 16 16 26 26 26 33 47 51 51
Rhonda_1000000 2 5 9 9 9 9 9 9 9 9 9 9 16 16 16 16 16 21 35 39 39
Rhonda_2000000 2 5 9 9 9 9 9 9 9 9 9 9 16 16 16 16 16 21 35 39 39
Linda_100000 0 4 4 4 4 4 4 4 4 4 4 4 4 4 32 32 32 32 32 32 32
Linda_500000 0 4 4 4 4 4 4 4 4 4 4 4 4 4 9 9 9 9 9 9 9
Linda_1000000 0 4 4 4 4 4 4 4 4 4 4 4 4 4 4 4 4 4 4 4 4
Linda_2000000 0 4 4 4 4 4 4 4 4 4 4 4 4 4 4 4 4 4 4 4 4
Felix_100000 1 3 3 3 3 3 3 3 3 7 12 12 21 24 38 38 38 38 38 40 52
Felix_500000 1 3 3 3 3 3 3 3 3 7 7 7 16 19 26 26 26 26 26 28 40
Felix_1000000 1 3 3 3 3 3 3 3 3 7 7 7 16 19 26 26 26 26 26 28 37
Felix_2000000 1 3 3 3 3 3 3 3 3 7 7 7 16 19 19 19 19 19 19 21 31
Louis_100000 0 3 3 3 3 3 3 3 3 3 3 3 3 3 29 29 29 29 29 29 31
Louis_500000 0 3 3 3 3 3 3 3 3 3 3 3 3 3 13 13 13 13 13 13 15
Louis_1000000 0 3 3 3 3 3 3 3 3 3 3 3 3 3 3 3 3 3 3 3 5
Louis_2000000 0 3 3 3 3 3 3 3 3 3 3 3 3 3 3 3 3 3 3 3 5
Owen_100000 1 3 3 3 3 3 3 3 8 12 18 18 27 30 43 43 48 48 48 48 58
Owen_500000 1 3 3 3 3 3 3 3 8 12 12 17 21 24 29 29 34 34 34 34 45
Owen_1000000 1 3 3 3 3 3 3 3 3 7 7 12 16 19 19 19 24 24 24 24 30
Owen_2000000 1 3 3 3 3 3 3 3 3 7 7 12 16 19 19 19 19 19 19 19 26
Nancy_100000 1 2 2 2 2 2 2 2 2 5 9 9 9 20 28 34 34 37 37 37 41
Nancy_500000 1 2 2 2 2 2 2 2 2 5 5 5 5 7 12 12 12 15 15 15 16
Nancy_1000000 1 2 2 2 2 2 2 2 2 5 5 5 5 7 7 7 7 7 7 7 7
Nancy_2000000 1 2 2 2 2 2 2 2 2 5 5 5 5 7 7 7 7 7 7 7 7
Aileen_100000 1 2 2 2 2 2 2 2 2 5 9 9 9 11 18 18 18 18 18 19 25
Aileen_500000 1 2 2 2 2 2 2 2 2 5 5 5 5 7 12 12 12 12 12 13 19
Aileen_1000000 1 2 2 2 2 2 2 2 2 5 5 5 5 7 12 12 12 12 12 13 20
Aileen_2000000 1 2 2 2 2 2 2 2 2 5 5 5 5 7 7 7 7 7 7 8 15
Rene_100000 0 2 2 2 2 2 2 2 2 2 2 2 2 2 24 24 24 24 24 24 24
Rene_500000 0 2 2 2 2 2 2 2 2 2 2 2 2 2 9 9 9 9 9 9 9
Rene_1000000 0 2 2 2 2 2 2 2 2 2 2 2 2 2 2 2 2 2 2 2 2
Rene_2000000 0 2 2 2 2 2 2 2 2 2 2 2 2 2 2 2 2 2 2 2 2
Norman_100000 1 3 3 3 3 3 3 3 3 7 7 7 7 10 30 30 30 30 30 30 39
Norman_500000 1 3 3 3 3 3 3 3 3 7 7 7 7 10 17 17 17 17 17 17 26
Norman_1000000 1 3 3 3 3 3 3 3 3 7 7 7 7 10 17 17 17 17 17 17 24
Norman_2000000 1 3 3 3 3 3 3 3 3 7 7 7 7 10 10 10 10 10 10 10 17
Joanna_100000 2 4 7 7 7 7 7 7 7 7 7 7 22 33 51 51 56 60 70 78 78
Joanna_500000 2 4 7 7 7 7 7 7 7 7 7 7 12 12 12 12 17 21 31 39 39
Joanna_1000000 2 4 7 7 7 7 7 7 7 7 7 7 12 12 12 12 12 16 26 29 29
Joanna_2000000 2 6 10 10 10 10 10 10 10 10 10 10 16 16 16 16 16 18 30 39 39
Cynthia_100000 1 3 3 3 8 8 8 8 8 12 12 12 24 27 37 47 47 47 47 47 53
Cynthia_500000 1 3 3 3 8 8 8 8 8 12 12 12 12 15 22 22 22 22 22 22 28
Cynthia_1000000 1 3 3 3 8 8 8 8 8 12 12 12 12 15 15 15 15 15 15 15 22
Cynthia_2000000 1 3 3 3 8 8 8 8 8 12 12 12 12 15 15 15 15 15 15 15 22
Amy_100000 2 4 23 27 27 36 36 36 36 36 36 36 36 36 74 86 86 94 120 131 131
Amy_500000 2 4 27 27 27 36 36 36 36 36 36 36 36 36 45 45 45 53 67 78 78
Amy_1000000 2 4 26 26 26 35 35 35 35 35 35 35 35 35 44 44 44 52 66 77 77
Amy_2000000 2 2 7 7 7 7 7 7 7 7 7 7 7 7 7 7 7 13 13 13 13
Marie_100000 0 3 3 3 3 3 3 3 3 3 3 3 14 14 25 25 25 25 25 25 25
Marie_500000 0 3 3 3 3 3 3 3 3 3 3 3 3 3 3 3 3 3 3 3 3
Marie_1000000 0 3 3 3 3 3 3 3 3 3 3 3 3 3 3 3 3 3 3 3 3
Marie_2000000 0 3 3 3 3 3 3 3 3 3 3 3 3 3 3 3 3 3 3 3 3
Lori_100000 2 4 17 21 21 21 30 30 30 30 30 30 30 30 44 58 58 61 75 86 86
Lori_500000 2 4 21 21 21 21 30 30 30 30 30 30 30 30 40 40 40 43 57 68 68
Lori_1000000 2 4 11 11 11 11 20 20 20 20 20 20 20 20 20 20 20 23 37 48 48
Lori_2000000 2 4 4 4 4 4 13 13 13 13 13 13 13 13 13 13 13 16 30 41 41
Ivan_100000 0 3 3 3 3 3 3 3 3 3 3 3 15 15 41 41 41 41 41 41 41
Ivan_500000 0 3 3 3 3 3 3 3 3 3 3 3 3 3 11 11 11 11 11 11 11
Ivan_1000000 0 3 3 3 3 3 3 3 3 3 3 3 3 3 3 3 3 3 3 3 3
Ivan_2000000 0 3 3 3 3 3 3 3 3 3 3 3 3 3 3 3 3 3 3 3 3
Chester_100000 2 5 9 9 9 9 9 9 9 9 9 9 16 16 41 55 55 58 72 76 76
Chester_500000 2 5 9 9 9 9 9 9 9 9 9 9 16 16 26 26 26 29 43 47 47
Chester_1000000 2 5 9 9 9 9 9 9 9 9 9 9 16 16 16 16 16 19 33 37 37
Chester_2000000 2 5 9 9 9 9 9 9 9 9 9 9 16 16 16 16 16 19 33 37 37
Arthur_100000 0 2 2 2 2 2 2 2 2 2 2 2 2 2 14 14 14 14 14 14 14
Arthur_500000 0 2 2 2 2 2 2 2 2 2 2 2 2 2 8 8 8 8 8 8 8
Arthur_1000000 0 2 2 2 2 2 2 2 2 2 2 2 2 2 2 2 2 2 2 2 2
Arthur_2000000 0 2 2 2 2 2 2 2 2 2 2 2 2 2 2 2 2 2 2 2 2
Susan_100000 2 2 9 11 11 16 16 16 16 16 16 16 16 19 31 31 31 33 39 47 50
Susan_500000 2 2 11 11 11 16 16 16 16 16 16 16 16 19 29 29 29 31 37 45 48
Susan_1000000 2 2 10 10 10 15 15 15 15 15 15 15 15 18 23 23 23 25 31 36 37
Susan_2000000 2 3 21 21 21 30 30 30 30 30 30 30 33 40 53 53 53 55 67 77 87
Terry_100000 2 5 9 9 9 9 9 9 9 9 9 9 16 16 42 55 55 63 77 81 81
Terry_500000 2 5 9 9 9 9 9 9 9 9 9 9 16 16 26 26 26 34 48 52 52
Terry_1000000 2 5 9 9 9 9 9 9 9 9 9 9 16 16 26 26 26 34 48 52 52
Terry_2000000 2 5 9 9 9 9 9 9 9 9 9 9 16 16 16 16 16 19 33 37 37
Tamara_100000 0 2 2 2 2 2 2 2 2 2 2 2 2 2 10 10 10 10 10 10 10
Tamara_500000 0 2 2 2 2 2 2 2 2 2 2 2 2 2 2 2 2 2 2 2 2
Tamara_1000000 0 2 2 2 2 2 2 2 2 2 2 2 2 2 2 2 2 2 2 2 2
Tamara_2000000 0 2 2 2 2 2 2 2 2 2 2 2 2 2 2 2 2 2 2 2 2
Rose_100000 0 2 11 11 11 11 11 11 11 25 32 35 37 44 70 77 84 91 91 91 94
Rose_500000 0 2 11 11 11 11 11 11 11 16 23 26 28 35 48 55 62 69 69 69 72
Rose_1000000 0 2 11 11 11 11 11 11 11 16 23 26 28 35 48 55 62 69 69 69 72
Rose_2000000 0 2 11 11 11 11 11 11 11 16 23 26 28 35 47 54 61 68 68 68 70
Cecil_100000 2 2 33 36 36 43 43 43 43 43 43 43 48 60 98 98 98 103 118 131 148
Cecil_500000 2 3 26 26 33 43 43 43 53 64 88 92 109 125 138 148 152 163 181 197 223
Cecil_1000000 2 3 24 24 31 41 41 41 51 62 86 90 107 123 136 150 150 161 180 193 219
Cecil_2000000 2 3 29 34 43 55 55 55 59 68 95 100 104 121 136 140 145 148 168 185 188
Leticia_100000 1 3 3 3 3 3 3 3 3 3 3 3 3 9 39 43 51 51 51 51 53
Leticia_500000 1 3 3 3 3 3 3 3 3 3 3 3 3 9 23 27 35 35 35 35 37
Leticia_1000000 1 3 3 3 3 3 3 3 3 3 3 3 3 9 23 27 35 35 35 35 37
Leticia_2000000 1 3 3 3 3 3 3 3 3 3 3 3 3 9 23 27 35 35 35 35 35
Phuong_100000 0 3 3 3 3 3 3 3 3 15 15 15 15 15 41 41 41 41 41 41 41
Phuong_500000 0 3 3 3 3 3 3 3 3 3 3 3 3 3 11 11 11 11 11 11 11
Phuong_1000000 0 3 3 3 3 3 3 3 3 3 3 3 3 3 3 3 3 3 3 3 3
Phuong_2000000 0 3 3 3 3 3 3 3 3 3 3 3 3 3 3 3 3 3 3 3 3
Sharon_100000 0 4 4 4 4 4 4 4 4 4 4 4 4 4 32 32 32 32 32 32 32
Sharon_500000 0 4 4 4 4 4 4 4 4 4 4 4 4 4 29 29 29 29 29 29 29
Sharon_1000000 0 4 4 4 4 4 4 4 4 4 4 4 4 4 4 4 4 4 4 4 4
Sharon_2000000 0 4 4 4 4 4 4 4 4 4 4 4 4 4 4 4 4 4 4 4 4
Rochelle_100000 0 3 3 3 3 3 3 3 3 3 3 3 14 14 26 26 26 26 26 26 26
Rochelle_500000 0 3 3 3 3 3 3 3 3 3 3 3 3 3 11 11 11 11 11 11 11
Rochelle_1000000 0 3 3 3 3 3 3 3 3 3 3 3 3 3 3 3 3 3 3 3 3
Rochelle_2000000 0 3 3 3 3 3 3 3 3 3 3 3 3 3 3 3 3 3 3 3 3
Millard_100000 0 2 2 2 2 2 2 2 2 2 2 2 2 5 20 20 20 20 20 20 21
Millard_500000 0 2 2 2 2 2 2 2 2 2 2 2 2 5 10 10 10 10 10 10 11
Millard_1000000 0 2 2 2 2 2 2 2 2 2 2 2 2 5 10 10 10 10 10 10 11
Millard_2000000 0 2 2 2 2 2 2 2 2 2 2 2 2 5 5 5 5 5 5 5 5
Michelle_100000 0 2 2 2 2 2 2 2 2 2 2 2 2 2 10 10 10 10 10 10 10
Michelle_500000 0 2 2 2 2 2 2 2 2 2 2 2 2 2 2 2 2 2 2 2 2
Michelle_1000000 0 2 2 2 2 2 2 2 2 2 2 2 2 2 2 2 2 2 2 2 2
Michelle_2000000 0 2 2 2 2 2 2 2 2 2 2 2 2 2 2 2 2 2 2 2 2
Stacey_100000 1 2 2 2 2 2 2 2 2 5 9 9 13 15 34 40 40 40 40 43 47
Stacey_500000 1 2 2 2 2 2 2 2 2 5 5 5 5 7 12 12 12 12 12 15 16
Stacey_1000000 1 2 2 2 2 2 2 2 2 5 5 5 5 7 12 12 12 12 12 15 16
Stacey_2000000 1 2 2 2 2 2 2 2 2 5 5 5 5 7 7 7 7 7 7 10 10
Jewell_100000 2 3 14 17 17 24 24 24 24 24 24 24 24 24 44 44 44 49 59 67 67
Jewell_500000 2 3 17 17 17 24 24 24 24 24 24 24 24 24 31 31 31 36 46 54 54
Jewell_1000000 2 3 16 16 16 23 23 23 23 23 23 23 23 23 30 30 30 35 45 53 53
Jewell_2000000 2 4 21 21 21 30 30 30 30 30 30 30 30 30 39 39 39 41 54 64 64
Patria_100000 1 3 3 3 3 3 3 3 3 16 16 16 16 19 40 50 50 50 52 55 61
Patria_500000 1 3 3 3 3 3 3 3 3 16 16 16 16 19 26 26 26 26 28 31 37
Patria_1000000 1 3 3 3 3 3 3 3 3 16 16 16 16 19 26 26 26 26 31 31 38
Patria_2000000 1 3 3 3 3 3 3 3 3 16 16 16 16 19 19 19 19 19 24 24 28
Carolyn_100000 1 2 2 2 2 2 2 2 2 5 9 9 9 11 17 23 23 23 23 24 35
Carolyn_500000 1 2 2 2 2 2 2 2 2 5 5 5 5 7 12 12 12 12 12 13 19
Carolyn_1000000 1 2 2 2 2 2 2 2 2 5 5 5 5 7 7 7 7 7 7 8 15
Carolyn_2000000 1 2 2 2 2 2 2 2 2 5 5 5 5 7 7 7 7 7 7 8 15
Wade_100000 2 4 4 4 4 4 4 4 4 4 4 4 4 4 18 18 18 18 18 18 18
Wade_500000 2 4 4 4 4 4 4 4 4 4 4 4 4 4 14 14 14 14 14 14 14
Wade_1000000 2 4 4 4 4 4 4 4 4 4 4 4 4 4 14 14 14 14 14 14 14
Wade_2000000 2 4 4 4 4 4 4 4 4 4 4 4 4 4 4 4 4 4 4 4 4
Rita_100000 1 2 2 2 2 2 2 2 2 5 5 5 5 7 15 22 22 22 22 23 29
Rita_500000 1 2 2 2 2 2 2 2 2 5 5 5 5 7 12 12 12 12 12 13 19
Rita_1000000 1 2 2 2 2 2 2 2 2 5 5 5 5 7 12 12 12 12 12 13 20
Rita_2000000 1 2 2 2 2 2 2 2 2 5 5 5 5 7 7 7 7 7 7 8 15
Frank_100000 0 2 2 2 2 2 2 2 2 2 2 2 2 2 24 24 24 24 24 24 24
Frank_500000 0 2 2 2 2 2 2 2 2 2 2 2 2 2 2 2 2 2 2 2 2
Frank_1000000 0 2 2 2 2 2 2 2 2 2 2 2 2 2 2 2 2 2 2 2 2
Frank_2000000 0 2 2 2 2 2 2 2 2 2 2 2 2 2 2 2 2 2 2 2 2
Betty_100000 0 2 2 2 2 2 2 2 2 2 2 2 2 2 22 22 22 22 22 22 22
Betty_500000 0 2 2 2 2 2 2 2 2 2 2 2 2 2 2 2 2 2 2 2 2
Betty_1000000 0 2 2 2 2 2 2 2 2 2 2 2 2 2 2 2 2 2 2 2 2
Betty_2000000 0 2 2 2 2 2 2 2 2 2 2 2 2 2 2 2 2 2 2 2 2
Tina_100000 1 3 3 3 3 3 3 3 3 7 12 12 12 15 38 38 38 38 38 38 40
Tina_500000 1 3 3 3 3 3 3 3 3 7 7 7 7 10 17 17 17 17 17 17 19
Tina_1000000 1 3 3 3 3 3 3 3 3 7 7 7 7 10 17 17 17 17 17 17 19
Tina_2000000 1 3 3 3 3 3 3 3 3 7 7 7 7 10 10 10 10 10 10 10 12
Donald_100000 1 2 2 2 2 2 2 2 2 5 8 8 17 19 41 48 48 48 48 48 54
Donald_500000 1 2 2 2 2 2 2 2 2 5 5 5 5 7 12 12 12 12 12 12 16
Donald_1000000 1 2 2 2 2 2 2 2 2 5 5 5 5 7 12 12 12 12 12 12 17
Donald_2000000 1 2 2 2 2 2 2 2 2 5 5 5 5 7 7 7 7 7 7 7 10
Melissa_100000 2 3 14 17 17 31 38 38 38 38 38 38 38 38 54 54 54 58 68 76 76
Melissa_500000 2 3 17 17 17 31 38 38 38 38 38 38 38 38 45 45 45 49 59 67 67
Melissa_1000000 2 3 16 16 16 30 37 37 37 37 37 37 37 37 44 44 44 48 58 66 66
Melissa_2000000 2 4 20 20 20 39 49 49 49 49 49 49 49 49 58 58 58 60 72 82 82
Christy_100000 1 2 2 2 2 2 2 2 2 5 5 5 14 16 23 30 30 30 30 30 36
Christy_500000 1 2 2 2 2 2 2 2 2 5 5 5 5 7 12 12 12 12 12 12 16
Christy_1000000 1 2 2 2 2 2 2 2 2 5 5 5 5 7 7 7 7 7 7 7 12
Christy_2000000 1 2 2 2 2 2 2 2 2 5 5 5 5 7 7 7 7 7 7 7 12
Douglas_100000 1 2 2 2 2 5 5 5 8 11 15 15 15 17 24 24 24 24 24 24 30
Douglas_500000 1 2 2 2 2 5 5 5 8 11 11 11 11 13 18 18 18 18 18 18 22
Douglas_1000000 1 2 2 2 2 5 5 5 8 11 11 11 11 13 13 13 13 13 13 13 18
Douglas_2000000 1 2 2 2 2 2 2 2 5 8 8 8 8 10 10 10 10 10 10 10 15
Natasha_100000 1 3 3 3 3 3 3 3 3 7 7 7 19 22 32 42 42 42 42 42 44
Natasha_500000 1 2 2 2 2 2 2 2 2 5 5 5 5 7 12 12 12 12 12 12 13
Natasha_1000000 1 2 2 2 2 2 2 2 2 5 5 5 5 7 7 7 7 7 7 7 7
Natasha_2000000 1 2 2 2 2 2 2 2 2 5 5 5 5 7 7 7 7 7 7 7 7
Debby_100000 1 3 3 3 3 3 3 3 3 7 7 7 19 22 32 32 32 32 32 32 38
Debby_500000 1 3 3 3 3 3 3 3 3 7 7 7 7 10 17 17 17 17 17 17 23
Debby_1000000 1 3 3 3 3 3 3 3 3 7 7 7 7 10 10 10 10 10 10 10 16
Debby_2000000 1 3 3 3 3 3 3 3 3 7 7 7 7 10 10 10 10 10 10 10 17
Walter_100000 2 3 13 16 16 30 37 37 37 37 37 37 37 37 54 64 64 69 79 87 87
Walter_500000 2 3 16 16 16 30 37 37 37 37 37 37 37 37 51 51 51 56 66 74 74
Walter_1000000 2 3 15 15 15 29 36 36 36 36 36 36 36 36 43 43 43 48 58 66 66
Walter_2000000 2 4 20 20 20 38 47 47 47 47 47 47 47 47 56 56 56 61 75 85 85
Grace_100000 0 2 2 2 2 2 2 2 2 2 2 2 2 2 11 11 11 11 11 11 11
Grace_500000 0 2 2 2 2 2 2 2 2 2 2 2 2 2 2 2 2 2 2 2 2
Grace_1000000 0 2 2 2 2 2 2 2 2 2 2 2 2 2 2 2 2 2 2 2 2
Grace_2000000 0 2 2 2 2 2 2 2 2 2 2 2 2 2 2 2 2 2 2 2 2
Scott_100000 0 2 2 2 2 2 2 2 2 2 2 2 2 2 18 18 18 18 18 18 18
Scott_500000 0 2 2 2 2 2 2 2 2 2 2 2 2 2 7 7 7 7 7 7 7
Scott_1000000 0 2 2 2 2 2 2 2 2 2 2 2 2 2 2 2 2 2 2 2 2
Scott_2000000 0 2 2 2 2 2 2 2 2 2 2 2 2 2 2 2 2 2 2 2 2
Francine_100000 0 3 3 3 3 3 3 3 3 3 3 3 3 3 29 29 29 29 29 29 29
Francine_500000 0 3 3 3 3 3 3 3 3 3 3 3 3 3 3 3 3 3 3 3 3
Francine_1000000 0 3 3 3 3 3 3 3 3 3 3 3 3 3 3 3 3 3 3 3 3
Francine_2000000 0 3 3 3 3 3 3 3 3 3 3 3 3 3 3 3 3 3 3 3 3
Camille_100000 0 3 8 8 8 8 8 8 8 8 8 8 8 19 30 30 30 30 30 30 32
Camille_500000 0 3 8 8 8 8 8 8 8 8 8 8 8 13 21 21 21 21 21 21 23
Camille_1000000 0 3 8 8 8 8 8 8 8 8 8 8 8 13 20 20 20 20 20 20 22
Camille_2000000 0 3 8 8 8 8 8 8 8 8 8 8 8 13 20 20 20 20 20 20 22
Lauren_100000 2 4 12 12 12 12 12 12 12 12 12 12 17 22 33 33 38 43 53 61 63
Lauren_500000 2 4 12 12 12 12 12 12 12 12 12 12 17 22 29 29 34 39 49 57 59
Lauren_1000000 2 5 16 16 16 16 16 16 16 16 16 16 22 32 45 45 45 54 67 76 79
Lauren_2000000 2 5 16 16 16 16 16 16 16 16 16 16 22 32 36 36 36 43 56 65 68
Brett_100000 2 5 9 9 9 9 9 9 9 9 9 9 16 16 30 43 43 50 64 68 68
Brett_500000 2 5 9 9 9 9 9 9 9 9 9 9 16 16 26 26 26 33 47 51 51
Brett_1000000 2 5 9 9 9 9 9 9 9 9 9 9 16 16 25 25 25 32 46 50 50
Brett_2000000 2 5 9 9 9 9 9 9 9 9 9 9 16 16 16 16 16 24 38 42 42
Jeffrey_100000 0 2 2 2 2 2 2 2 2 2 2 2 2 2 26 26 26 26 26 26 26
Jeffrey_500000 0 2 2 2 2 2 2 2 2 2 2 2 2 2 2 2 2 2 2 2 2
Jeffrey_1000000 0 2 2 2 2 2 2 2 2 2 2 2 2 2 2 2 2 2 2 2 2
Jeffrey_2000000 0 2 2 2 2 2 2 2 2 2 2 2 2 2 2 2 2 2 2 2 2
Rafael_100000 1 3 5 8 8 8 8 8 8 12 17 17 29 34 46 55 55 55 55 55 61
Rafael_500000 1 3 5 8 8 8 8 8 8 12 12 12 12 17 20 20 20 20 20 20 27
Rafael_1000000 1 3 5 8 8 8 8 8 8 12 12 12 12 17 20 20 20 20 20 20 22
Rafael_2000000 1 5 5 8 8 8 8 8 8 12 12 12 12 17 20 20 20 20 20 20 22
Carlos_100000 0 2 2 2 2 2 2 2 2 2 2 2 2 2 9 9 9 9 9 9 9
Carlos_500000 0 2 2 2 2 2 2 2 2 2 2 2 2 2 7 7 7 7 7 7 7
Carlos_1000000 0 2 2 2 2 2 2 2 2 2 2 2 2 2 2 2 2 2 2 2 2
Carlos_2000000 0 2 2 2 2 2 2 2 2 2 2 2 2 2 2 2 2 2 2 2 2
Edmundo_100000 0 2 2 2 2 2 2 2 2 2 2 2 2 2 24 24 24 24 24 24 24
Edmundo_500000 0 2 2 2 2 2 2 2 2 2 2 2 2 2 2 2 2 2 2 2 2
Edmundo_1000000 0 2 2 2 2 2 2 2 2 2 2 2 2 2 2 2 2 2 2 2 2
Edmundo_2000000 0 2 2 2 2 2 2 2 2 2 2 2 2 2 2 2 2 2 2 2 2
Irmgard_100000 1 3 3 3 3 3 3 3 3 7 7 7 7 10 31 31 31 31 31 31 35
Irmgard_500000 1 3 3 3 3 3 3 3 3 7 7 7 7 10 18 18 18 18 18 18 22
Irmgard_1000000 1 3 3 3 3 3 3 3 3 7 7 7 7 10 17 17 17 17 17 17 21
Irmgard_2000000 1 3 3 3 3 3 3 3 3 7 7 7 7 10 10 10 10 10 10 10 14
Sherri_100000 2 3 28 32 32 42 42 42 42 42 42 42 58 72 101 101 101 108 122 133 149
Sherri_500000 2 3 32 32 32 42 42 42 42 42 42 42 45 60 80 80 80 87 101 112 128
Sherri_1000000 2 3 31 31 31 41 41 41 41 41 41 41 44 59 79 79 79 86 100 111 127
Sherri_2000000 2 3 28 28 28 37 37 37 37 37 37 37 40 40 53 53 53 56 70 81 93
Jennifer_100000 1 3 13 13 13 13 13 13 13 23 34 52 79 130 154 159 159 159 159 159 182
Jennifer_500000 1 3 13 13 13 13 13 13 13 17 24 42 60 105 120 125 125 125 125 125 149
Jennifer_1000000 1 3 8 8 8 8 8 8 8 12 12 35 48 79 82 87 87 87 87 87 108
Jennifer_2000000 1 3 8 8 8 8 8 8 8 12 12 26 33 61 64 69 69 69 69 69 86
Raye_100000 1 2 2 2 2 2 2 2 2 5 9 9 18 20 33 40 40 40 40 40 46
Raye_500000 1 2 2 2 2 2 2 2 2 5 5 5 5 7 12 12 12 12 12 12 16
Raye_1000000 1 2 2 2 2 2 2 2 2 5 5 5 5 7 12 12 12 12 12 12 17
Raye_2000000 1 2 2 2 2 2 2 2 2 5 5 5 5 7 7 7 7 7 7 7 12
Darren_100000 2 3 3 3 3 17 24 24 24 24 24 24 24 24 37 37 37 42 42 42 42
Darren_500000 2 3 3 3 3 17 24 24 24 24 24 24 24 24 31 31 31 36 36 36 36
Darren_1000000 2 3 3 3 3 17 24 24 24 24 24 24 24 24 31 31 31 36 36 36 36
Darren_2000000 2 3 3 3 3 10 17 17 17 17 17 17 17 17 24 24 24 29 29 29 29
Justin_100000 1 3 3 3 3 3 3 3 3 7 12 12 12 15 25 35 35 35 35 37 46
Justin_500000 1 3 3 3 3 3 3 3 3 7 7 7 7 10 17 17 17 17 17 19 28
Justin_1000000 1 3 3 3 3 3 3 3 3 7 7 7 7 10 10 10 10 10 10 12 21
Justin_2000000 1 3 3 3 3 3 3 3 3 7 7 7 7 10 10 10 10 10 10 12 22
Donn_100000 0 2 2 2 2 2 2 2 2 2 2 2 2 2 9 9 9 9 9 9 9
Donn_500000 0 2 2 2 2 2 2 2 2 2 2 2 2 2 7 7 7 7 7 7 7
Donn_1000000 0 2 2 2 2 2 2 2 2 2 2 2 2 2 2 2 2 2 2 2 2
Donn_2000000 0 2 2 2 2 2 2 2 2 2 2 2 2 2 2 2 2 2 2 2 2
Dale_100000 1 4 4 4 4 4 4 4 4 10 10 10 10 14 28 42 47 47 47 50 65
Dale_500000 1 4 4 4 4 4 4 4 4 10 10 10 10 14 24 24 29 29 29 32 47
Dale_1000000 1 4 4 4 4 4 4 4 4 10 10 10 10 14 14 14 19 19 19 22 37
Dale_2000000 1 4 4 4 4 4 4 4 4 10 10 10 10 14 14 14 19 19 19 22 33
Anita_100000 1 2 2 2 2 2 2 2 2 12 16 16 16 18 24 30 30 30 30 30 39
Anita_500000 1 2 2 2 2 2 2 2 2 12 12 12 12 14 19 19 19 19 19 19 23
Anita_1000000 1 2 2 2 2 2 2 2 2 12 12 12 12 14 14 14 14 14 14 14 19
Anita_2000000 1 2 2 2 2 2 2 2 2 12 12 12 12 14 14 14 14 14 14 14 19
Marjorie_100000 0 2 2 2 2 2 2 2 2 2 2 2 2 2 10 10 10 10 10 10 10
Marjorie_500000 0 2 2 2 2 2 2 2 2 2 2 2 2 2 2 2 2 2 2 2 2
Marjorie_1000000 0 2 2 2 2 2 2 2 2 2 2 2 2 2 2 2 2 2 2 2 2
Marjorie_2000000 0 2 2 2 2 2 2 2 2 2 2 2 2 2 2 2 2 2 2 2 2
Myron_100000 2 3 18 21 21 28 28 28 28 28 28 28 28 43 69 69 69 74 84 97 99
Myron_500000 2 3 21 21 21 28 28 28 28 28 28 28 28 43 57 57 57 62 72 80 82
Myron_1000000 2 3 20 20 20 27 27 27 27 27 27 27 27 42 49 49 49 54 64 72 74
Myron_2000000 2 4 18 18 18 27 27 27 27 27 27 27 27 44 57 57 57 72 88 99 102
Bonita_100000 2 3 14 17 17 31 38 38 38 38 38 38 38 38 56 66 66 70 80 88 88
Bonita_500000 2 3 17 17 17 31 38 38 38 38 38 38 38 38 45 45 45 49 59 67 67
Bonita_1000000 2 3 16 16 16 30 37 37 37 37 37 37 37 37 44 44 44 48 58 66 66
Bonita_2000000 2 4 20 20 20 39 49 49 49 49 49 49 49 49 58 58 58 60 72 82 82
Barb_100000 1 3 3 3 3 3 3 3 3 13 13 13 20 20 30 30 30 30 30 30 30
Barb_500000 1 3 3 3 3 3 3 3 3 3 3 3 10 10 17 17 17 17 17 17 17
Barb_1000000 1 3 3 3 3 3 3 3 3 3 3 3 10 10 10 10 10 10 10 10 10
Barb_2000000 1 3 3 3 3 3 3 3 3 3 3 3 10 10 10 10 10 10 10 10 10
Joy_100000 0 3 3 3 3 3 3 3 3 3 3 3 14 14 26 26 26 26 26 26 26
Joy_500000 0 3 3 3 3 3 3 3 3 3 3 3 3 3 11 11 11 11 11 11 11
Joy_1000000 0 3 3 3 3 3 3 3 3 3 3 3 3 3 3 3 3 3 3 3 3
Joy_2000000 0 3 3 3 3 3 3 3 3 3 3 3 3 3 3 3 3 3 3 3 3
Edgar_100000 1 4 21 21 21 21 21 21 21 41 92 96 119 155 175 194 194 194 201 201 242
Edgar_500000 1 4 21 21 21 21 21 21 21 34 57 61 84 121 131 139 139 139 146 146 188
Edgar_1000000 1 5 17 17 17 17 17 17 17 25 25 25 35 73 75 80 80 80 80 80 95
Edgar_2000000 1 5 17 17 17 17 17 17 17 20 20 22 34 63 65 70 70 70 70 70 80
Elaine_100000 0 2 2 2 2 2 2 2 2 2 2 2 2 2 17 17 17 17 17 17 17
Elaine_500000 0 2 2 2 2 2 2 2 2 2 2 2 2 2 2 2 2 2 2 2 2
Elaine_1000000 0 2 2 2 2 2 2 2 2 2 2 2 2 2 2 2 2 2 2 2 2
Elaine_2000000 0 2 2 2 2 2 2 2 2 2 2 2 2 2 2 2 2 2 2 2 2
Marcia_100000 1 3 3 3 3 3 3 3 3 7 7 7 7 10 30 30 30 30 30 30 32
Marcia_500000 1 3 3 3 3 3 3 3 3 7 7 7 7 10 17 17 17 17 17 17 19
Marcia_1000000 1 3 3 3 3 3 3 3 3 7 7 7 7 10 10 10 10 10 10 10 10
Marcia_2000000 1 3 3 3 3 3 3 3 3 7 7 7 7 10 10 10 10 10 10 10 10
Sam_100000 0 2 2 2 2 2 2 2 2 2 2 2 2 2 13 13 13 13 13 13 13
Sam_500000 0 2 2 2 2 2 2 2 2 2 2 2 2 2 8 8 8 8 8 8 8
Sam_1000000 0 2 2 2 2 2 2 2 2 2 2 2 2 2 2 2 2 2 2 2 2
Sam_2000000 0 2 2 2 2 2 2 2 2 2 2 2 2 2 2 2 2 2 2 2 2
Lydia_100000 0 4 4 4 4 4 4 4 4 4 4 4 4 4 18 18 18 18 18 18 18
Lydia_500000 0 4 4 4 4 4 4 4 4 4 4 4 4 4 4 4 4 4 4 4 4
Lydia_1000000 0 4 4 4 4 4 4 4 4 4 4 4 4 4 4 4 4 4 4 4 4
Lydia_2000000 0 4 4 4 4 4 4 4 4 4 4 4 4 4 4 4 4 4 4 4 4
Bertie_100000 1 3 3 3 3 3 3 3 8 14 21 21 21 30 47 47 47 47 47 52 81
Bertie_500000 1 3 3 3 3 3 3 3 8 14 14 14 14 23 23 23 23 23 23 28 48
Bertie_1000000 1 3 3 3 3 3 3 3 8 14 14 14 14 23 23 23 23 23 23 28 48
Bertie_2000000 1 3 3 3 3 3 3 3 3 9 9 9 9 18 18 18 18 18 18 23 38
Steven_100000 1 3 3 3 3 3 8 8 8 12 17 17 38 41 51 51 51 51 51 51 53
Steven_500000 1 3 3 3 3 3 8 8 8 12 12 12 21 24 31 31 31 31 31 31 33
Steven_1000000 1 3 3 3 3 3 8 8 8 12 12 12 21 24 31 31 31 31 31 31 33
Steven_2000000 1 3 3 3 3 3 8 8 8 12 12 12 21 24 24 24 24 24 24 24 24
Martha_100000 1 4 4 4 4 4 4 4 4 4 4 4 4 4 17 17 17 17 17 17 17
Martha_500000 1 4 4 4 4 4 4 4 4 4 4 4 4 4 4 4 4 4 4 4 4
Martha_1000000 1 4 4 4 4 4 4 4 4 4 4 4 4 4 4 4 4 4 4 4 4
Martha_2000000 1 4 4 4 4 4 4 4 4 4 4 4 4 4 4 4 4 4 4 4 4
Jamie_100000 1 3 3 3 3 3 3 3 3 7 12 12 23 26 36 36 36 36 36 36 42
Jamie_500000 1 3 3 3 3 3 3 3 3 7 7 7 7 10 17 17 17 17 17 17 19
Jamie_1000000 1 3 3 3 3 3 3 3 3 7 7 7 7 10 10 10 10 10 10 10 12
Jamie_2000000 1 3 3 3 3 3 3 3 3 7 7 7 7 10 10 10 10 10 10 10 12
Latashia_100000 1 4 4 4 4 4 4 4 4 9 9 9 9 13 39 53 53 53 53 53 53
Latashia_500000 1 4 4 4 4 4 4 4 4 9 9 9 9 13 23 23 23 23 23 23 23
Latashia_1000000 1 4 4 4 4 4 4 4 4 9 9 9 9 13 23 23 23 23 23 23 23
Latashia_2000000 1 4 4 4 4 4 4 4 4 9 9 9 9 13 13 13 13 13 13 13 13
Ahmad_100000 1 3 3 3 3 3 3 3 3 7 7 7 7 10 21 21 21 21 21 21 30
Ahmad_500000 1 3 3 3 3 3 3 3 3 7 7 7 7 10 10 10 10 10 10 10 19
Ahmad_1000000 1 3 3 3 3 3 3 3 3 7 7 7 7 10 10 10 10 10 10 10 16
Ahmad_2000000 1 3 3 3 3 3 3 3 3 7 7 7 7 10 10 10 10 10 10 10 17
David_100000 2 4 24 28 28 38 38 38 38 38 38 38 38 58 86 99 99 101 113 129 132
David_500000 2 4 28 28 28 38 38 38 38 38 38 38 38 48 72 72 72 74 86 102 105
David_1000000 2 4 27 27 27 37 37 37 37 37 37 37 37 47 66 66 66 68 80 90 93
David_2000000 2 4 18 18 18 28 28 28 28 28 28 28 28 38 52 52 52 54 66 76 79
Brant_100000 0 2 2 2 2 2 2 2 2 2 2 2 2 2 25 25 25 25 25 25 25
Brant_500000 0 2 2 2 2 2 2 2 2 2 2 2 2 2 2 2 2 2 2 2 2
Brant_1000000 0 2 2 2 2 2 2 2 2 2 2 2 2 2 2 2 2 2 2 2 2
Brant_2000000 0 2 2 2 2 2 2 2 2 2 2 2 2 2 2 2 2 2 2 2 2
Jan_100000 1 2 2 2 2 2 2 2 2 5 9 9 9 11 26 26 26 26 26 26 32
Jan_500000 1 2 2 2 2 2 2 2 2 5 5 5 5 7 12 12 12 12 12 12 16
Jan_1000000 1 2 2 2 2 2 2 2 2 5 5 5 5 7 7 7 7 7 7 7 12
Jan_2000000 1 2 2 2 2 2 2 2 2 5 5 5 5 7 7 7 7 7 7 7 12
Kimberly_100000 0 4 4 4 4 4 4 4 4 4 4 4 4 4 32 32 32 32 32 32 32
Kimberly_500000 0 4 4 4 4 4 4 4 4 4 4 4 4 4 16 16 16 16 16 16 16
Kimberly_1000000 0 4 4 4 4 4 4 4 4 4 4 4 4 4 4 4 4 4 4 4 4
Kimberly_2000000 0 4 4 4 4 4 4 4 4 4 4 4 4 4 4 4 4 4 4 4 4
Lucy_100000 1 3 3 3 3 3 3 3 3 7 12 12 24 27 36 36 36 36 36 36 42
Lucy_500000 1 3 3 3 3 3 3 3 3 7 7 7 7 10 10 10 10 10 10 10 16
Lucy_1000000 1 3 3 3 3 3 3 3 3 7 7 7 7 10 10 10 10 10 10 10 17
Lucy_2000000 1 3 3 3 3 3 3 3 3 7 7 7 7 10 10 10 10 10 10 10 17
Barbara_100000 0 4 4 4 4 4 4 4 4 4 4 4 4 4 32 32 32 32 32 32 32
Barbara_500000 0 4 4 4 4 4 4 4 4 4 4 4 4 4 4 4 4 4 4 4 4
Barbara_1000000 0 4 4 4 4 4 4 4 4 4 4 4 4 4 4 4 4 4 4 4 4
Barbara_2000000 0 4 4 4 4 4 4 4 4 4 4 4 4 4 4 4 4 4 4 4 4
Kelly_100000 0 3 3 3 3 3 3 3 3 3 3 3 3 5 34 34 34 34 34 34 34
Kelly_500000 0 3 3 3 3 3 3 3 3 3 3 3 3 5 19 19 19 19 19 19 19
Kelly_1000000 0 3 3 3 3 3 3 3 3 3 3 3 3 5 8 8 8 8 8 8 8
Kelly_2000000 0 3 3 3 3 3 3 3 3 3 3 3 3 5 8 8 8 8 8 8 8
Richard_100000 0 3 3 3 3 3 3 3 3 3 3 3 14 14 36 36 36 36 36 36 36
Richard_500000 0 3 3 3 3 3 3 3 3 3 3 3 3 3 11 11 11 11 11 11 11
Richard_1000000 0 3 3 3 3 3 3 3 3 3 3 3 3 3 10 10 10 10 10 10 10
Richard_2000000 0 3 3 3 3 3 3 3 3 3 3 3 3 3 3 3 3 3 3 3 3
Kathleen_100000 2 4 7 7 7 7 7 7 7 7 7 7 12 12 24 34 34 39 49 52 52
Kathleen_500000 2 4 7 7 7 7 7 7 7 7 7 7 12 12 19 19 19 24 34 37 37
Kathleen_1000000 2 4 7 7 7 7 7 7 7 7 7 7 12 12 19 19 19 24 34 37 37
Kathleen_2000000 2 5 15 15 15 15 15 15 15 15 15 15 21 21 21 21 21 26 40 44 44
Christopher_100000 0 2 2 2 2 2 2 2 2 2 2 2 2 2 25 25 25 25 25 25 25
Christopher_500000 0 2 2 2 2 2 2 2 2 2 2 2 2 2 14 14 14 14 14 14 14
Christopher_1000000 0 2 2 2 2 2 2 2 2 2 2 2 2 2 2 2 2 2 2 2 2
Christopher_2000000 0 2 2 2 2 2 2 2 2 2 2 2 2 2 2 2 2 2 2 2 2
William_100000 0 2 2 2 2 2 2 2 2 2 2 2 2 2 10 10 10 10 10 10 10
William_500000 0 2 2 2 2 2 2 2 2 2 2 2 2 2 2 2 2 2 2 2 2
William_1000000 0 2 2 2 2 2 2 2 2 2 2 2 2 2 2 2 2 2 2 2 2
William_2000000 0 2 2 2 2 2 2 2 2 2 2 2 2 2 2 2 2 2 2 2 2
George_100000 0 2 2 2 2 2 2 2 2 2 2 2 2 2 26 26 26 26 26 26 26
George_500000 0 2 2 2 2 2 2 2 2 2 2 2 2 2 2 2 2 2 2 2 2
George_1000000 0 2 2 2 2 2 2 2 2 2 2 2 2 2 2 2 2 2 2 2 2
George_2000000 0 2 2 2 2 2 2 2 2 2 2 2 2 2 2 2 2 2 2 2 2
Robert_100000 0 3 3 3 3 3 3 3 3 3 3 3 15 15 39 39 39 39 39 39 39
Robert_500000 0 3 3 3 3 3 3 3 3 3 3 3 3 3 3 3 3 3 3 3 3
Robert_1000000 0 3 3 3 3 3 3 3 3 3 3 3 3 3 3 3 3 3 3 3 3
Robert_2000000 0 3 3 3 3 3 3 3 3 3 3 3 3 3 3 3 3 3 3 3 3
James_100000 0 3 3 3 3 3 3 3 3 3 3 3 3 3 29 29 29 29 29 29 29
James_500000 0 3 3 3 3 3 3 3 3 3 3 3 3 3 12 12 12 12 12 12 12
James_1000000 0 3 3 3 3 3 3 3 3 3 3 3 3 3 3 3 3 3 3 3 3
James_2000000 0 3 3 3 3 3 3 3 3 3 3 3 3 3 3 3 3 3 3 3 3
Bruce_100000 0 2 2 2 2 2 2 2 2 2 2 2 2 2 19 19 19 19 19 19 19
Bruce_500000 0 2 2 2 2 2 2 2 2 2 2 2 2 2 2 2 2 2 2 2 2
Bruce_1000000 0 2 2 2 2 2 2 2 2 2 2 2 2 2 2 2 2 2 2 2 2
Bruce_2000000 0 2 2 2 2 2 2 2 2 2 2 2 2 2 2 2 2 2 2 2 2
Emily_100000 2 5 9 9 9 9 9 9 9 9 9 9 28 28 41 41 41 49 63 67 67
Emily_500000 2 5 9 9 9 9 9 9 9 9 9 9 16 16 16 16 16 24 38 42 42
Emily_1000000 2 5 9 9 9 9 9 9 9 9 9 9 16 16 16 16 16 24 38 42 42
Emily_2000000 2 4 7 7 7 7 7 7 7 7 7 7 12 12 12 12 12 14 24 27 27
Peggy_100000 1 2 2 2 2 2 2 2 2 5 9 9 9 11 25 25 25 25 25 25 35
Peggy_500000 1 2 2 2 2 2 2 2 2 5 5 5 5 7 12 12 12 12 12 12 16
Peggy_1000000 1 2 2 2 2 2 2 2 2 5 5 5 5 7 12 12 12 12 12 12 17
Peggy_2000000 1 2 2 2 2 2 2 2 2 5 5 5 5 7 7 7 7 7 7 7 12
Max_100000 1 2 2 2 2 2 2 2 2 5 5 5 5 7 15 15 15 15 15 15 19
Max_500000 1 2 2 2 2 2 2 2 2 5 5 5 5 7 12 12 12 12 12 12 16
Max_1000000 1 2 2 2 2 2 2 2 2 5 5 5 5 7 12 12 12 12 12 12 17
Max_2000000 1 2 2 2 2 2 2 2 2 5 5 5 5 7 7 7 7 7 7 7 10
Marion_100000 2 4 18 22 22 32 32 32 32 32 32 32 45 45 68 81 81 83 95 111 111
Marion_500000 2 4 22 22 22 32 32 32 32 32 32 32 32 32 52 52 52 54 66 82 82
Marion_1000000 2 4 20 20 20 30 30 30 30 30 30 30 30 30 40 40 40 42 54 67 67
Marion_2000000 2 4 20 20 20 30 30 30 30 30 30 30 30 30 40 40 40 42 54 64 64
Gretta_100000 2 2 2 2 2 2 2 2 2 2 2 2 2 2 15 22 22 22 22 22 22
Gretta_500000 2 2 2 2 2 2 2 2 2 2 2 2 2 2 7 7 7 7 7 7 7
Gretta_1000000 2 2 2 2 2 2 2 2 2 2 2 2 2 2 7 7 7 7 7 7 7
Gretta_2000000 2 2 2 2 2 2 2 2 2 2 2 2 2 2 2 2 2 2 2 2 2
Elizabeth_100000 0 3 3 3 3 3 3 3 3 3 3 3 3 3 26 26 26 26 26 26 26
Elizabeth_500000 0 3 3 3 3 3 3 3 3 3 3 3 3 3 3 3 3 3 3 3 3
Elizabeth_1000000 0 3 3 3 3 3 3 3 3 3 3 3 3 3 3 3 3 3 3 3 3
Elizabeth_2000000 0 3 3 3 3 3 3 3 3 3 3 3 3 3 3 3 3 3 3 3 3
Cory_100000 2 3 13 16 16 23 23 23 23 23 23 23 32 32 49 58 58 63 73 81 81
Cory_500000 2 3 16 16 16 23 23 23 23 23 23 23 23 23 37 37 37 42 52 60 60
Cory_1000000 2 3 15 15 15 22 22 22 22 22 22 22 22 22 29 29 29 34 44 52 52
Cory_2000000 2 4 20 20 20 29 29 29 29 29 29 29 29 29 38 38 38 46 60 71 71
Carmen_100000 2 4 7 7 7 7 7 7 7 7 7 7 12 15 28 28 33 37 47 55 55
Carmen_500000 2 4 7 7 7 7 7 7 7 7 7 7 12 12 19 19 24 28 38 46 46
Carmen_1000000 2 4 7 7 7 7 7 7 7 7 7 7 12 12 12 12 12 16 26 29 29
Carmen_2000000 2 6 10 10 10 10 10 10 10 10 10 10 16 16 16 16 16 18 30 39 39
Heather_100000 1 2 2 2 2 2 2 5 5 17 20 20 24 26 39 39 39 39 39 39 40
Heather_500000 1 2 2 2 2 2 2 5 5 8 8 8 8 10 15 15 15 15 15 15 16
Heather_1000000 1 2 2 2 2 2 2 5 5 8 8 8 8 10 15 15 15 15 15 15 15
Heather_2000000 1 2 2 2 2 2 2 2 2 5 5 5 5 7 7 7 7 7 7 7 7
Angela_100000 0 2 2 2 2 2 2 2 2 2 2 2 2 2 18 18 18 18 18 18 18
Angela_500000 0 2 2 2 2 2 2 2 2 2 2 2 2 2 2 2 2 2 2 2 2
Angela_1000000 0 2 2 2 2 2 2 2 2 2 2 2 2 2 2 2 2 2 2 2 2
Angela_2000000 0 2 2 2 2 2 2 2 2 2 2 2 2 2 2 2 2 2 2 2 2
Brandon_100000 1 2 2 2 2 2 2 2 2 5 9 9 9 11 18 18 18 18 18 18 24
Brandon_500000 1 2 2 2 2 2 2 2 2 5 5 5 5 7 12 12 12 12 12 12 16
Brandon_1000000 1 2 2 2 2 2 2 2 2 5 5 5 5 7 7 7 7 7 7 7 12
Brandon_2000000 1 2 2 2 2 2 2 2 2 5 5 5 5 7 7 7 7 7 7 7 12
Norene_100000 0 4 4 4 4 4 4 4 4 4 4 4 4 4 18 32 32 32 32 32 32
Norene_500000 0 4 4 4 4 4 4 4 4 4 4 4 4 4 14 14 14 14 14 14 14
Norene_1000000 0 4 4 4 4 4 4 4 4 4 4 4 4 4 4 4 4 4 4 4 4
Norene_2000000 0 4 4 4 4 4 4 4 4 4 4 4 4 4 4 4 4 4 4 4 4
Willie_100000 2 4 7 7 7 7 7 7 7 7 7 7 17 17 27 37 37 39 44 52 52
Willie_500000 2 4 7 7 7 7 7 7 7 7 7 7 7 7 14 14 14 16 21 29 29
Willie_1000000 2 4 7 7 7 7 7 7 7 7 7 7 7 7 14 14 14 16 21 29 29
Willie_2000000 2 4 7 7 7 7 7 7 7 7 7 7 7 7 7 7 7 9 14 22 22
Frances_100000 2 4 7 7 7 7 7 7 7 7 7 7 21 33 43 43 48 53 63 66 66
Frances_500000 2 4 7 7 7 7 7 7 7 7 7 7 12 12 12 12 17 22 32 35 35
Frances_1000000 2 4 7 7 7 7 7 7 7 7 7 7 12 12 12 12 12 17 27 30 30
Frances_2000000 2 6 10 10 10 10 10 10 10 10 10 10 16 16 16 16 16 18 33 45 45
Garry_100000 0 2 2 2 2 2 2 2 2 2 2 2 2 2 26 26 26 26 26 26 26
Garry_500000 0 2 2 2 2 2 2 2 2 2 2 2 2 2 8 8 8 8 8 8 8
Garry_1000000 0 2 2 2 2 2 2 2 2 2 2 2 2 2 2 2 2 2 2 2 2
Garry_2000000 0 2 2 2 2 2 2 2 2 2 2 2 2 2 2 2 2 2 2 2 2
Leslie_100000 1 2 2 2 2 2 2 2 2 5 5 5 5 7 20 26 26 26 26 26 32
Leslie_500000 1 2 2 2 2 2 2 2 2 5 5 5 5 7 12 12 12 12 12 12 16
Leslie_1000000 1 2 2 2 2 2 2 2 2 5 5 5 5 7 7 7 7 7 7 7 12
Leslie_2000000 1 2 2 2 2 2 2 2 2 5 5 5 5 7 7 7 7 7 7 7 12
Mark_100000 0 2 2 2 2 2 2 2 2 2 2 2 2 2 25 25 25 25 25 25 25
Mark_500000 0 2 2 2 2 2 2 2 2 2 2 2 2 2 2 2 2 2 2 2 2
Mark_1000000 0 2 2 2 2 2 2 2 2 2 2 2 2 2 2 2 2 2 2 2 2
Mark_2000000 0 2 2 2 2 2 2 2 2 2 2 2 2 2 2 2 2 2 2 2 2
Margaret_100000 2 4 7 7 7 7 7 7 7 7 7 7 12 12 25 25 30 35 45 48 48
Margaret_500000 2 4 7 7 7 7 7 7 7 7 7 7 12 12 19 19 24 29 39 42 42
Margaret_1000000 2 4 7 7 7 7 7 7 7 7 7 7 12 12 12 12 12 17 27 30 30
Margaret_2000000 2 5 9 9 9 9 9 9 9 9 9 9 16 16 16 16 16 24 38 42 42
