Thomas_100000 0 3 60
Thomas_500000 0 3 34
Thomas_1000000 0 3 25
Thomas_2000000 0 3 23
Jessica_100000 2 5 110
Jessica_500000 2 5 72
Jessica_1000000 2 5 54
Jessica_2000000 2 6 65
Laverne_100000 0 4 32
Laverne_500000 0 4 4
Laverne_1000000 0 4 4
Laverne_2000000 0 4 4
Irene_100000 1 3 66
Irene_500000 1 3 37
Irene_1000000 1 2 45
Irene_2000000 1 2 35
Annette_100000 1 3 34
Annette_500000 1 3 19
Annette_1000000 1 3 16
Annette_2000000 1 3 17
Dorothy_100000 0 3 16
Dorothy_500000 0 3 3
Dorothy_1000000 0 3 3
Dorothy_2000000 0 3 3
Raymond_100000 1 3 58
Raymond_500000 1 2 16
Raymond_1000000 1 2 17
Raymond_2000000 1 2 12
Anthony_100000 1 3 93
Anthony_500000 1 3 78
Anthony_1000000 1 3 71
Anthony_2000000 1 3 65
Nelson_100000 2 4 50
Nelson_500000 2 4 30
Nelson_1000000 2 6 47
Nelson_2000000 2 6 48
Eric_100000 1 3 60
Eric_500000 1 3 31
Eric_1000000 1 3 31
Eric_2000000 1 3 24
Erika_100000 2 3 74
Erika_500000 2 3 54
Erika_1000000 2 3 54
Erika_2000000 2 2 24
Patricia_100000 0 2 17
Patricia_500000 0 2 2
Patricia_1000000 0 2 2
Patricia_2000000 0 2 2
Judith_100000 0 2 19
Judith_500000 0 2 2
Judith_1000000 0 2 2
Judith_2000000 0 2 2
Sandra_100000 0 3 29
Sandra_500000 0 3 3
Sandra_1000000 0 3 3
Sandra_2000000 0 3 3
Napoleon_100000 1 2 42
Napoleon_500000 1 2 25
Napoleon_1000000 1 2 25
Napoleon_2000000 1 2 13
Dolores_100000 2 4 111
Dolores_500000 2 4 73
Dolores_1000000 2 4 72
Dolores_2000000 2 4 72
Eloisa_100000 1 3 52
Eloisa_500000 1 3 23
Eloisa_1000000 1 3 16
Eloisa_2000000 1 3 17
Gerald_100000 0 2 31
Gerald_500000 0 2 27
Gerald_1000000 0 2 22
Gerald_2000000 0 2 22
Diane_100000 1 3 44
Diane_500000 1 3 24
Diane_1000000 1 3 12
Diane_2000000 1 3 12
Patrick_100000 1 2 46
Patrick_500000 1 2 30
Patrick_1000000 1 2 29
Patrick_2000000 1 2 17
Nicole_100000 1 3 53
Nicole_500000 1 3 23
Nicole_1000000 1 3 23
Nicole_2000000 1 3 17
Alvin_100000 0 3 29
Alvin_500000 0 3 3
Alvin_1000000 0 3 3
Alvin_2000000 0 3 3
Travis_100000 2 2 33
Travis_500000 2 2 26
Travis_1000000 2 2 18
Travis_2000000 2 2 10
Tommy_100000 0 4 46
Tommy_500000 0 4 15
Tommy_1000000 0 4 14
Tommy_2000000 0 4 4
Timothy_100000 1 2 37
Timothy_500000 1 2 24
Timothy_1000000 1 2 20
Timothy_2000000 1 2 15
Paul_100000 2 3 79
Paul_500000 2 3 61
Paul_1000000 2 3 59
Paul_2000000 2 3 58
Elmer_100000 2 4 90
Elmer_500000 2 4 74
Elmer_1000000 2 4 53
Elmer_2000000 2 4 52
Tonya_100000 1 3 74
Tonya_500000 1 3 23
Tonya_1000000 1 3 24
Tonya_2000000 1 3 17
Della_100000 1 3 42
Della_500000 1 3 19
Della_1000000 1 3 12
Della_2000000 1 3 12
Vern_100000 1 2 27
Vern_500000 1 2 24
Vern_1000000 1 2 24
Vern_2000000 1 2 19
Bobby_100000 1 2 48
Bobby_500000 1 2 16
Bobby_1000000 1 2 17
Bobby_2000000 1 2 10
Kevin_100000 2 4 122
Kevin_500000 2 4 84
Kevin_1000000 2 4 83
Kevin_2000000 2 4 68
Sara_100000 0 2 25
Sara_500000 0 2 8
Sara_1000000 0 2 2
Sara_2000000 0 2 2
Brenda_100000 0 3 29
Brenda_500000 0 3 13
Brenda_1000000 0 3 3
Brenda_2000000 0 3 3
Edith_100000 0 2 21
Edith_500000 0 2 2
Edith_1000000 0 2 2
Edith_2000000 0 2 2
Jonathan_100000 0 4 32
Jonathan_500000 0 4 4
Jonathan_1000000 0 4 4
Jonathan_2000000 0 4 4
Cole_100000 1 3 35
Cole_500000 1 3 21
Cole_1000000 1 3 22
Cole_2000000 1 3 19
Howard_100000 2 4 67
Howard_500000 2 4 55
Howard_1000000 2 5 63
Howard_2000000 2 5 51
Rudolf_100000 2 3 63
Rudolf_500000 2 3 36
Rudolf_1000000 2 3 36
Rudolf_2000000 2 3 22
Vincent_100000 1 2 43
Vincent_500000 1 2 25
Vincent_1000000 1 2 24
Vincent_2000000 1 2 17
Elda_100000 1 3 38
Elda_500000 1 3 19
Elda_1000000 1 3 19
Elda_2000000 1 3 10
Shawn_100000 0 2 22
Shawn_500000 0 2 7
Shawn_1000000 0 2 2
Shawn_2000000 0 2 2
Jeff_100000 2 5 62
Jeff_500000 2 5 37
Jeff_1000000 2 5 37
Jeff_2000000 2 4 17
Katie_100000 2 4 99
Katie_500000 2 4 82
Katie_1000000 2 3 52
Katie_2000000 2 4 62
Janice_100000 1 2 19
Janice_500000 1 2 13
Janice_1000000 1 2 7
Janice_2000000 1 2 7
Joseph_100000 0 2 18
Joseph_500000 0 2 2
Joseph_1000000 0 2 2
Joseph_2000000 0 2 2
Debra_100000 1 2 34
Debra_500000 1 2 16
Debra_1000000 1 2 17
Debra_2000000 1 2 12
Rachel_100000 0 2 22
Rachel_500000 0 2 8
Rachel_1000000 0 2 2
Rachel_2000000 0 2 2
Lorraine_100000 0 2 29
Lorraine_500000 0 2 8
Lorraine_1000000 0 2 2
Lorraine_2000000 0 2 2
Janet_100000 0 4 18
Janet_500000 0 4 4
Janet_1000000 0 4 4
Janet_2000000 0 4 4
Charles_100000 0 2 25
Charles_500000 0 2 8
Charles_1000000 0 2 2
Charles_2000000 0 2 2
Michael_100000 1 2 23
Michael_500000 1 2 13
Michael_1000000 1 2 7
Michael_2000000 1 2 7
Constance_100000 2 4 40
Constance_500000 2 4 37
Constance_1000000 2 4 30
Constance_2000000 2 6 43
Selma_100000 1 2 56
Selma_500000 1 2 43
Selma_1000000 1 2 33
Selma_2000000 1 3 96
Genevieve_100000 0 2 26
Genevieve_500000 0 2 9
Genevieve_1000000 0 2 2
Genevieve_2000000 0 2 2
Helen_100000 0 2 11
Helen_500000 0 2 2
Helen_1000000 0 2 2
Helen_2000000 0 2 2
Brian_100000 1 3 38
Brian_500000 1 3 24
Brian_1000000 1 3 17
Brian_2000000 1 3 17
Gloria_100000 0 2 22
Gloria_500000 0 2 2
Gloria_1000000 0 2 2
Gloria_2000000 0 2 2
John_100000 0 2 22
John_500000 0 2 7
John_1000000 0 2 7
John_2000000 0 2 2
Keith_100000 0 2 19
Keith_500000 0 2 2
Keith_1000000 0 2 2
Keith_2000000 0 2 2
Gustavo_100000 0 2 24
Gustavo_500000 0 2 9
Gustavo_1000000 0 2 2
Gustavo_2000000 0 2 2
Joshua_100000 1 2 31
Joshua_500000 1 2 16
Joshua_1000000 1 2 12
Joshua_2000000 1 2 10
Lynnette_100000 1 2 43
Lynnette_500000 1 2 26
Lynnette_1000000 1 2 22
Lynnette_2000000 1 2 22
Agnes_100000 2 2 80
Agnes_500000 2 2 54
Agnes_1000000 2 3 95
Agnes_2000000 2 5 129
Eleanor_100000 0 2 17
Eleanor_500000 0 2 2
Eleanor_1000000 0 2 2
Eleanor_2000000 0 2 2
Abigail_100000 0 2 18
Abigail_500000 0 2 2
Abigail_1000000 0 2 2
Abigail_2000000 0 2 2
Rhonda_100000 2 5 82
Rhonda_500000 2 5 51
Rhonda_1000000 2 5 39
Rhonda_2000000 2 5 39
Linda_100000 0 4 32
Linda_500000 0 4 9
Linda_1000000 0 4 4
Linda_2000000 0 4 4
Felix_100000 1 3 52
Felix_500000 1 3 40
Felix_1000000 1 3 37
Felix_2000000 1 3 31
Louis_100000 0 3 31
Louis_500000 0 3 15
Louis_1000000 0 3 5
Louis_2000000 0 3 5
Owen_100000 1 3 58
Owen_500000 1 3 45
Owen_1000000 1 3 30
Owen_2000000 1 3 26
Nancy_100000 1 2 41
Nancy_500000 1 2 16
Nancy_1000000 1 2 7
Nancy_2000000 1 2 7
Aileen_100000 1 2 25
Aileen_500000 1 2 19
Aileen_1000000 1 2 20
Aileen_2000000 1 2 15
Rene_100000 0 2 24
Rene_500000 0 2 9
Rene_1000000 0 2 2
Rene_2000000 0 2 2
Norman_100000 1 3 39
Norman_500000 1 3 26
Norman_1000000 1 3 24
Norman_2000000 1 3 17
Joanna_100000 2 4 78
Joanna_500000 2 4 39
Joanna_1000000 2 4 29
Joanna_2000000 2 6 39
Cynthia_100000 1 3 53
Cynthia_500000 1 3 28
Cynthia_1000000 1 3 22
Cynthia_2000000 1 3 22
Amy_100000 2 4 131
Amy_500000 2 4 78
Amy_1000000 2 4 77
Amy_2000000 2 2 13
Marie_100000 0 3 25
Marie_500000 0 3 3
Marie_1000000 0 3 3
Marie_2000000 0 3 3
Lori_100000 2 4 86
Lori_500000 2 4 68
Lori_1000000 2 4 48
Lori_2000000 2 4 41
Ivan_100000 0 3 41
Ivan_500000 0 3 11
Ivan_1000000 0 3 3
Ivan_2000000 0 3 3
Chester_100000 2 5 76
Chester_500000 2 5 47
Chester_1000000 2 5 37
Chester_2000000 2 5 37
Arthur_100000 0 2 14
Arthur_500000 0 2 8
Arthur_1000000 0 2 2
Arthur_2000000 0 2 2
Susan_100000 2 2 50
Susan_500000 2 2 48
Susan_1000000 2 2 37
Susan_2000000 2 3 87
Terry_100000 2 5 81
Terry_500000 2 5 52
Terry_1000000 2 5 52
Terry_2000000 2 5 37
Tamara_100000 0 2 10
Tamara_500000 0 2 2
Tamara_1000000 0 2 2
Tamara_2000000 0 2 2
Rose_100000 0 2 94
Rose_500000 0 2 72
Rose_1000000 0 2 72
Rose_2000000 0 2 70
Cecil_100000 2 2 148
Cecil_500000 2 3 223
Cecil_1000000 2 3 219
Cecil_2000000 2 3 188
Leticia_100000 1 3 53
Leticia_500000 1 3 37
Leticia_1000000 1 3 37
Leticia_2000000 1 3 35
Phuong_100000 0 3 41
Phuong_500000 0 3 11
Phuong_1000000 0 3 3
Phuong_2000000 0 3 3
Sharon_100000 0 4 32
Sharon_500000 0 4 29
Sharon_1000000 0 4 4
Sharon_2000000 0 4 4
Rochelle_100000 0 3 26
Rochelle_500000 0 3 11
Rochelle_1000000 0 3 3
Rochelle_2000000 0 3 3
Millard_100000 0 2 21
Millard_500000 0 2 11
Millard_1000000 0 2 11
Millard_2000000 0 2 5
Michelle_100000 0 2 10
Michelle_500000 0 2 2
Michelle_1000000 0 2 2
Michelle_2000000 0 2 2
Stacey_100000 1 2 47
Stacey_500000 1 2 16
Stacey_1000000 1 2 16
Stacey_2000000 1 2 10
Jewell_100000 2 3 67
Jewell_500000 2 3 54
Jewell_1000000 2 3 53
Jewell_2000000 2 4 64
Patria_100000 1 3 61
Patria_500000 1 3 37
Patria_1000000 1 3 38
Patria_2000000 1 3 28
Carolyn_100000 1 2 35
Carolyn_500000 1 2 19
Carolyn_1000000 1 2 15
Carolyn_2000000 1 2 15
Wade_100000 2 4 18
Wade_500000 2 4 14
Wade_1000000 2 4 14
Wade_2000000 2 4 4
Rita_100000 1 2 29
Rita_500000 1 2 19
Rita_1000000 1 2 20
Rita_2000000 1 2 15
Frank_100000 0 2 24
Frank_500000 0 2 2
Frank_1000000 0 2 2
Frank_2000000 0 2 2
Betty_100000 0 2 22
Betty_500000 0 2 2
Betty_1000000 0 2 2
Betty_2000000 0 2 2
Tina_100000 1 3 40
Tina_500000 1 3 19
Tina_1000000 1 3 19
Tina_2000000 1 3 12
Donald_100000 1 2 54
Donald_500000 1 2 16
Donald_1000000 1 2 17
Donald_2000000 1 2 10
Melissa_100000 2 3 76
Melissa_500000 2 3 67
Melissa_1000000 2 3 66
Melissa_2000000 2 4 82
Christy_100000 1 2 36
Christy_500000 1 2 16
Christy_1000000 1 2 12
Christy_2000000 1 2 12
Douglas_100000 1 2 30
Douglas_500000 1 2 22
Douglas_1000000 1 2 18
Douglas_2000000 1 2 15
Natasha_100000 1 3 44
Natasha_500000 1 2 13
Natasha_1000000 1 2 7
Natasha_2000000 1 2 7
Debby_100000 1 3 38
Debby_500000 1 3 23
Debby_1000000 1 3 16
Debby_2000000 1 3 17
Walter_100000 2 3 87
Walter_500000 2 3 74
Walter_1000000 2 3 66
Walter_2000000 2 4 85
Grace_100000 0 2 11
Grace_500000 0 2 2
Grace_1000000 0 2 2
Grace_2000000 0 2 2
Scott_100000 0 2 18
Scott_500000 0 2 7
Scott_1000000 0 2 2
Scott_2000000 0 2 2
Francine_100000 0 3 29
Francine_500000 0 3 3
Francine_1000000 0 3 3
Francine_2000000 0 3 3
Camille_100000 0 3 32
Camille_500000 0 3 23
Camille_1000000 0 3 22
Camille_2000000 0 3 22
Lauren_100000 2 4 63
Lauren_500000 2 4 59
Lauren_1000000 2 5 79
Lauren_2000000 2 5 68
Brett_100000 2 5 68
Brett_500000 2 5 51
Brett_1000000 2 5 50
Brett_2000000 2 5 42
Jeffrey_100000 0 2 26
Jeffrey_500000 0 2 2
Jeffrey_1000000 0 2 2
Jeffrey_2000000 0 2 2
Rafael_100000 1 3 61
Rafael_500000 1 3 27
Rafael_1000000 1 3 22
Rafael_2000000 1 5 22
Carlos_100000 0 2 9
Carlos_500000 0 2 7
Carlos_1000000 0 2 2
Carlos_2000000 0 2 2
Edmundo_100000 0 2 24
Edmundo_500000 0 2 2
Edmundo_1000000 0 2 2
Edmundo_2000000 0 2 2
Irmgard_100000 1 3 35
Irmgard_500000 1 3 22
Irmgard_1000000 1 3 21
Irmgard_2000000 1 3 14
Sherri_100000 2 3 149
Sherri_500000 2 3 128
Sherri_1000000 2 3 127
Sherri_2000000 2 3 93
Jennifer_100000 1 3 182
Jennifer_500000 1 3 149
Jennifer_1000000 1 3 108
Jennifer_2000000 1 3 86
Raye_100000 1 2 46
Raye_500000 1 2 16
Raye_1000000 1 2 17
Raye_2000000 1 2 12
Darren_100000 2 3 42
Darren_500000 2 3 36
Darren_1000000 2 3 36
Darren_2000000 2 3 29
Justin_100000 1 3 46
Justin_500000 1 3 28
Justin_1000000 1 3 21
Justin_2000000 1 3 22
Donn_100000 0 2 9
Donn_500000 0 2 7
Donn_1000000 0 2 2
Donn_2000000 0 2 2
Dale_100000 1 4 65
Dale_500000 1 4 47
Dale_1000000 1 4 37
Dale_2000000 1 4 33
Anita_100000 1 2 39
Anita_500000 1 2 23
Anita_1000000 1 2 19
Anita_2000000 1 2 19
Marjorie_100000 0 2 10
Marjorie_500000 0 2 2
Marjorie_1000000 0 2 2
Marjorie_2000000 0 2 2
Myron_100000 2 3 99
Myron_500000 2 3 82
Myron_1000000 2 3 74
Myron_2000000 2 4 102
Bonita_100000 2 3 88
Bonita_500000 2 3 67
Bonita_1000000 2 3 66
Bonita_2000000 2 4 82
Barb_100000 1 3 30
Barb_500000 1 3 17
Barb_1000000 1 3 10
Barb_2000000 1 3 10
Joy_100000 0 3 26
Joy_500000 0 3 11
Joy_1000000 0 3 3
Joy_2000000 0 3 3
Edgar_100000 1 4 242
Edgar_500000 1 4 188
Edgar_1000000 1 5 95
Edgar_2000000 1 5 80
Elaine_100000 0 2 17
Elaine_500000 0 2 2
Elaine_1000000 0 2 2
Elaine_2000000 0 2 2
Marcia_100000 1 3 32
Marcia_500000 1 3 19
Marcia_1000000 1 3 10
Marcia_2000000 1 3 10
Sam_100000 0 2 13
Sam_500000 0 2 8
Sam_1000000 0 2 2
Sam_2000000 0 2 2
Lydia_100000 0 4 18
Lydia_500000 0 4 4
Lydia_1000000 0 4 4
Lydia_2000000 0 4 4
Bertie_100000 1 3 81
Bertie_500000 1 3 48
Bertie_1000000 1 3 48
Bertie_2000000 1 3 38
Steven_100000 1 3 53
Steven_500000 1 3 33
Steven_1000000 1 3 33
Steven_2000000 1 3 24
Martha_100000 1 4 17
Martha_500000 1 4 4
Martha_1000000 1 4 4
Martha_2000000 1 4 4
Jamie_100000 1 3 42
Jamie_500000 1 3 19
Jamie_1000000 1 3 12
Jamie_2000000 1 3 12
Latashia_100000 1 4 53
Latashia_500000 1 4 23
Latashia_1000000 1 4 23
Latashia_2000000 1 4 13
Ahmad_100000 1 3 30
Ahmad_500000 1 3 19
Ahmad_1000000 1 3 16
Ahmad_2000000 1 3 17
David_100000 2 4 132
David_500000 2 4 105
David_1000000 2 4 93
David_2000000 2 4 79
Brant_100000 0 2 25
Brant_500000 0 2 2
Brant_1000000 0 2 2
Brant_2000000 0 2 2
Jan_100000 1 2 32
Jan_500000 1 2 16
Jan_1000000 1 2 12
Jan_2000000 1 2 12
Kimberly_100000 0 4 32
Kimberly_500000 0 4 16
Kimberly_1000000 0 4 4
Kimberly_2000000 0 4 4
Lucy_100000 1 3 42
Lucy_500000 1 3 16
Lucy_1000000 1 3 17
Lucy_2000000 1 3 17
Barbara_100000 0 4 32
Barbara_500000 0 4 4
Barbara_1000000 0 4 4
Barbara_2000000 0 4 4
Kelly_100000 0 3 34
Kelly_500000 0 3 19
Kelly_1000000 0 3 8
Kelly_2000000 0 3 8
Richard_100000 0 3 36
Richard_500000 0 3 11
Richard_1000000 0 3 10
Richard_2000000 0 3 3
Kathleen_100000 2 4 52
Kathleen_500000 2 4 37
Kathleen_1000000 2 4 37
Kathleen_2000000 2 5 44
Christopher_100000 0 2 25
Christopher_500000 0 2 14
Christopher_1000000 0 2 2
Christopher_2000000 0 2 2
William_100000 0 2 10
William_500000 0 2 2
William_1000000 0 2 2
William_2000000 0 2 2
George_100000 0 2 26
George_500000 0 2 2
George_1000000 0 2 2
George_2000000 0 2 2
Robert_100000 0 3 39
Robert_500000 0 3 3
Robert_1000000 0 3 3
Robert_2000000 0 3 3
James_100000 0 3 29
James_500000 0 3 12
James_1000000 0 3 3
James_2000000 0 3 3
Bruce_100000 0 2 19
Bruce_500000 0 2 2
Bruce_1000000 0 2 2
Bruce_2000000 0 2 2
Emily_100000 2 5 67
Emily_500000 2 5 42
Emily_1000000 2 5 42
Emily_2000000 2 4 27
Peggy_100000 1 2 35
Peggy_500000 1 2 16
Peggy_1000000 1 2 17
Peggy_2000000 1 2 12
Max_100000 1 2 19
Max_500000 1 2 16
Max_1000000 1 2 17
Max_2000000 1 2 10
Marion_100000 2 4 111
Marion_500000 2 4 82
Marion_1000000 2 4 67
Marion_2000000 2 4 64
Gretta_100000 2 2 22
Gretta_500000 2 2 7
Gretta_1000000 2 2 7
Gretta_2000000 2 2 2
Elizabeth_100000 0 3 26
Elizabeth_500000 0 3 3
Elizabeth_1000000 0 3 3
Elizabeth_2000000 0 3 3
Cory_100000 2 3 81
Cory_500000 2 3 60
Cory_1000000 2 3 52
Cory_2000000 2 4 71
Carmen_100000 2 4 55
Carmen_500000 2 4 46
Carmen_1000000 2 4 29
Carmen_2000000 2 6 39
Heather_100000 1 2 40
Heather_500000 1 2 16
Heather_1000000 1 2 15
Heather_2000000 1 2 7
Angela_100000 0 2 18
Angela_500000 0 2 2
Angela_1000000 0 2 2
Angela_2000000 0 2 2
Brandon_100000 1 2 24
Brandon_500000 1 2 16
Brandon_1000000 1 2 12
Brandon_2000000 1 2 12
Norene_100000 0 4 32
Norene_500000 0 4 14
Norene_1000000 0 4 4
Norene_2000000 0 4 4
Willie_100000 2 4 52
Willie_500000 2 4 29
Willie_1000000 2 4 29
Willie_2000000 2 4 22
Frances_100000 2 4 66
Frances_500000 2 4 35
Frances_1000000 2 4 30
Frances_2000000 2 6 45
Garry_100000 0 2 26
Garry_500000 0 2 8
Garry_1000000 0 2 2
Garry_2000000 0 2 2
Leslie_100000 1 2 32
Leslie_500000 1 2 16
Leslie_1000000 1 2 12
Leslie_2000000 1 2 12
Mark_100000 0 2 25
Mark_500000 0 2 2
Mark_1000000 0 2 2
Mark_2000000 0 2 2
Margaret_100000 2 4 48
Margaret_500000 2 4 42
Margaret_1000000 2 4 30
Margaret_2000000 2 5 42
