Thomas_2000000_9900_10 0 2 0 0 0 0 0 0 0 0 0 0 0 0 0 0 0 0 0 0 0
Jessica_2000000_9900_10 2 4 12 0 0 0 0 0 0 0 0 0 5 5 0 0 0 5 10 3 0
Laverne_2000000_9900_10 0 3 0 0 0 0 0 0 0 0 0 0 0 0 0 0 0 0 0 0 0
Irene_2000000_9900_10 1 2 0 0 0 0 0 0 0 20 17 8 12 0 0 0 0 0 0 0 1
Annette_2000000_9900_10 1 2 0 0 0 0 0 0 0 3 5 0 2 0 0 0 0 0 0 0 5
Dorothy_2000000_9900_10 0 2 0 0 0 0 0 0 0 0 0 0 0 0 0 0 0 0 0 0 0
Raymond_2000000_9900_10 1 2 0 0 0 0 0 0 0 3 0 0 2 10 0 0 0 0 0 0 5
Anthony_2000000_9900_10 1 2 0 0 0 0 0 0 0 8 17 3 12 0 3 0 0 0 0 1 2
Nelson_2000000_9900_10 2 6 9 0 0 0 0 0 0 0 0 0 7 0 0 0 0 8 14 4 0
Eric_2000000_9900_10 1 2 0 0 0 0 0 0 0 0 5 8 12 0 0 0 0 0 0 0 0
Erika_2000000_9900_10 2 2 0 0 0 5 0 0 0 0 0 0 0 0 5 0 0 1 6 5 0
Patricia_2000000_9900_10 0 3 0 0 0 0 0 0 0 0 0 0 0 0 0 0 0 0 0 0 0
Judith_2000000_9900_10 0 4 0 0 0 0 0 0 7 0 0 0 0 0 0 0 0 0 0 0 0
Sandra_2000000_9900_10 0 2 0 0 0 0 0 0 0 0 0 0 0 0 0 0 0 0 0 0 0
Napoleon_2000000_9900_10 1 2 0 0 0 0 0 0 0 0 0 0 0 11 3 0 2 0 0 0 1
Dolores_2000000_9900_10 2 3 5 0 0 7 0 0 0 0 0 0 0 0 7 0 0 2 10 8 0
Eloisa_2000000_9900_10 1 3 11 0 0 0 0 0 0 5 0 0 0 7 4 0 0 0 0 0 16
Gerald_2000000_9900_10 0 3 0 2 3 0 0 0 5 11 7 0 7 3 0 0 0 0 0 0 0
Patrick_2000000_9900_10 1 4 0 0 0 7 3 21 7 16 22 17 16 10 0 17 7 7 0 0 0
Nicole_2000000_9900_10 1 2 0 0 0 0 0 0 0 8 10 0 2 5 0 0 0 0 0 0 5
Alvin_2000000_9900_10 0 2 0 0 0 0 0 0 0 0 0 0 0 0 0 0 0 0 0 0 0
Travis_2000000_9900_10 2 2 0 0 0 0 5 0 0 0 0 0 0 0 0 0 0 3 0 0 0
Tommy_2000000_9900_10 0 4 0 0 0 0 0 0 0 0 0 0 0 0 0 0 0 0 0 0 0
Timothy_2000000_9900_10 1 4 14 0 0 7 3 11 7 16 22 17 16 7 4 7 7 7 0 2 14
Paul_2000000_9900_10 2 3 0 0 0 14 7 0 0 0 0 0 0 0 7 0 0 2 10 8 0
Tonya_2000000_9900_10 1 2 0 0 0 0 0 0 0 5 10 3 2 0 0 0 0 0 0 0 0
Della_2000000_9900_10 1 2 0 0 0 0 0 0 0 8 10 0 12 0 0 0 0 0 0 0 0
Bobby_2000000_9900_10 1 4 0 0 0 0 0 0 0 6 5 6 5 4 0 0 0 0 0 0 5
Kevin_2000000_9900_10 2 3 0 0 0 14 7 0 0 0 0 0 0 0 7 0 0 2 10 8 0
Sara_2000000_9900_10 0 4 0 0 0 0 0 0 0 0 0 0 0 0 0 0 0 0 0 0 3
Brenda_2000000_9900_10 0 2 0 0 0 0 0 0 0 0 0 0 0 0 0 0 0 0 0 0 0
Edith_2000000_9900_10 0 2 0 0 0 0 0 0 0 0 0 0 0 0 0 0 0 0 0 0 0
Jonathan_2000000_9900_10 0 2 0 0 0 0 0 0 0 0 0 0 0 0 0 0 0 0 0 0 0
Cole_2000000_9900_10 1 3 0 0 0 0 0 0 0 0 0 0 0 4 0 0 3 0 0 2 7
Howard_2000000_9900_10 2 5 10 0 0 0 0 0 0 0 0 0 6 0 0 0 0 2 13 6 0
Rudolf_2000000_9900_10 2 3 0 0 0 7 7 0 0 0 0 0 0 15 0 0 0 0 0 0 0
Vincent_2000000_9900_10 1 4 0 0 0 0 0 10 0 5 0 0 0 10 0 10 0 0 0 0 0
Elda_2000000_9900_10 1 3 0 0 0 0 0 0 0 5 0 0 0 4 0 0 0 0 0 0 3
Shawn_2000000_9900_10 0 2 0 0 0 0 0 0 0 0 0 0 0 0 0 0 0 0 0 0 0
Jeff_2000000_9900_10 2 5 4 0 0 0 0 0 0 0 0 0 7 0 0 0 0 3 14 4 0
Katie_2000000_9900_10 2 4 7 0 0 10 0 0 0 0 0 0 0 0 9 0 0 2 12 10 0
Janice_2000000_9900_10 1 2 0 0 0 0 0 0 0 3 0 0 2 10 0 0 0 0 0 0 0
Joseph_2000000_9900_10 0 2 0 0 0 0 0 0 0 0 0 0 0 0 0 0 0 0 0 0 0
Debra_2000000_9900_10 1 2 0 0 0 0 0 0 0 3 0 0 0 2 0 0 0 0 0 0 5
Rachel_2000000_9900_10 0 4 0 0 0 0 0 0 0 0 0 0 0 0 0 0 0 0 0 0 0
Lorraine_2000000_9900_10 0 4 7 0 0 0 0 0 0 0 0 0 0 10 4 0 0 0 0 0 3
Janet_2000000_9900_10 0 4 0 0 0 0 0 0 0 0 0 0 0 0 0 0 0 0 0 0 0
Charles_2000000_9900_10 0 4 0 0 0 0 0 0 0 0 0 0 0 0 0 0 0 0 0 0 0
Michael_2000000_9900_10 1 2 0 0 0 0 0 0 0 3 0 0 0 2 0 0 0 0 0 0 0
Constance_2000000_9900_10 2 6 4 0 0 0 0 0 0 0 0 0 7 0 0 0 0 8 14 4 0
Selma_2000000_9900_10 1 3 0 0 0 0 0 0 5 21 20 4 32 30 0 0 0 0 0 0 4
Genevieve_2000000_9900_10 0 4 0 0 0 0 0 0 0 0 0 0 0 0 0 0 0 0 0 0 0
Helen_2000000_9900_10 0 4 0 0 0 0 0 0 0 0 0 0 0 0 0 0 0 0 0 0 0
Brian_2000000_9900_10 1 2 0 0 0 0 0 0 0 10 0 5 0 0 0 0 0 0 0 0 0
Gloria_2000000_9900_10 0 4 0 0 0 0 0 0 0 0 0 0 0 0 0 0 0 0 0 0 0
John_2000000_9900_10 0 3 0 0 0 0 0 0 0 0 0 0 0 0 0 0 0 0 0 0 0
Keith_2000000_9900_10 0 2 0 0 0 0 0 0 0 0 0 0 0 0 0 0 0 0 0 0 0
Gustavo_2000000_9900_10 0 4 0 0 0 0 0 0 0 0 0 0 0 0 0 0 0 0 0 0 0
Joshua_2000000_9900_10 1 2 0 0 0 0 0 0 0 3 0 0 0 2 0 0 0 0 0 0 3
Lynnette_2000000_9900_10 1 3 0 5 5 5 2 13 5 4 0 0 0 3 0 10 5 5 0 0 4
Agnes_2000000_9900_10 2 3 12 0 0 14 7 0 0 0 0 0 0 7 7 0 0 5 10 8 4
Eleanor_2000000_9900_10 0 2 0 0 0 0 0 0 0 0 0 0 0 0 0 0 0 0 0 0 0
Rhonda_2000000_9900_10 2 5 4 0 0 0 0 0 0 0 0 0 7 0 0 0 0 8 14 4 0
Linda_2000000_9900_10 0 2 0 0 0 0 0 0 0 0 0 0 0 0 0 0 0 0 0 0 0
Felix_2000000_9900_10 1 2 0 0 0 0 0 0 0 8 15 0 2 0 0 0 0 0 0 1 7
Louis_2000000_9900_10 0 3 5 0 0 0 0 0 0 0 0 0 0 5 0 0 0 0 0 0 2
Owen_2000000_9900_10 1 3 11 7 7 7 3 18 14 23 11 28 16 10 11 14 7 14 0 0 16
Nancy_2000000_9900_10 1 7 4 0 0 0 0 0 0 11 11 6 16 4 0 0 0 0 0 0 3
Aileen_2000000_9900_10 1 2 0 0 0 0 0 0 0 3 0 0 0 2 0 0 0 0 0 1 7
Rene_2000000_9900_10 0 4 0 0 0 0 0 0 0 0 0 0 0 0 0 0 0 0 0 0 0
Norman_2000000_9900_10 1 4 7 0 0 0 0 0 0 5 0 0 0 14 4 0 0 0 0 0 9
Joanna_2000000_9900_10 2 3 2 0 0 0 0 0 0 0 0 0 3 0 0 0 0 1 6 2 0
Cynthia_2000000_9900_10 1 4 0 0 7 0 0 0 0 5 0 0 0 4 0 0 0 0 0 0 9
Amy_2000000_9900_10 2 4 9 0 0 9 0 0 0 0 0 0 0 0 9 0 0 8 14 11 0
Marie_2000000_9900_10 0 2 0 0 0 0 0 0 0 0 0 0 0 0 0 0 0 0 0 0 0
Lori_2000000_9900_10 2 4 0 0 0 9 9 0 0 0 0 0 0 0 0 0 0 3 14 11 0
Ivan_2000000_9900_10 0 2 0 0 0 0 0 0 0 0 0 0 0 0 0 0 0 0 0 0 0
Chester_2000000_9900_10 2 5 4 0 0 0 0 0 0 0 0 0 7 0 0 0 0 3 14 4 0
Susan_2000000_9900_10 2 4 14 0 0 10 0 0 0 0 0 0 0 17 13 0 0 5 12 10 3
Terry_2000000_9900_10 2 5 4 0 0 0 0 0 0 0 0 0 7 0 0 0 0 3 14 4 0
Tamara_2000000_9900_10 0 4 0 0 0 0 0 0 0 0 0 0 0 0 0 0 0 0 0 0 0
Rose_2000000_9900_10 0 2 13 0 7 0 0 0 10 4 17 4 12 10 7 14 0 0 7 0 17
Cecil_2000000_9900_10 2 2 18 0 0 14 0 0 0 0 0 0 2 15 10 7 7 5 10 15 7
Leticia_2000000_9900_10 1 3 10 0 0 0 0 0 0 0 0 0 0 11 0 0 3 0 0 0 2
Phuong_2000000_9900_10 0 4 0 0 0 0 0 0 0 0 0 0 0 0 0 0 0 0 0 0 0
Sharon_2000000_9900_10 0 2 0 0 0 0 0 0 0 0 0 0 0 0 0 0 0 0 0 0 0
Rochelle_2000000_9900_10 0 2 0 0 0 0 0 0 0 0 0 0 0 0 0 0 0 0 0 0 0
Millard_2000000_9900_10 0 2 0 0 0 0 0 0 0 0 0 0 0 6 0 0 0 0 0 0 1
Michelle_2000000_9900_10 0 4 0 0 0 0 0 0 0 0 0 0 0 0 0 0 0 0 0 0 0
Stacey_2000000_9900_10 1 7 11 0 0 0 0 0 0 22 33 6 16 7 4 0 0 0 0 3 14
Jewell_2000000_9900_10 2 2 0 0 0 5 0 0 0 0 0 0 0 0 5 0 0 1 6 5 0
Patria_2000000_9900_10 1 2 0 0 0 0 0 0 0 3 0 0 0 2 0 0 0 0 3 0 5
Carolyn_2000000_9900_10 1 2 0 0 0 0 0 0 0 3 0 0 0 2 0 0 0 0 0 1 7
Wade_2000000_9900_10 2 4 0 0 0 0 0 0 0 0 0 0 0 0 0 0 0 0 0 0 0
Rita_2000000_9900_10 1 2 0 0 0 0 0 0 0 3 0 0 0 2 0 0 0 0 0 1 7
Frank_2000000_9900_10 0 3 0 0 0 0 0 0 0 0 0 0 0 0 0 0 0 0 0 0 0
Betty_2000000_9900_10 0 3 0 0 0 0 0 0 0 0 0 0 0 0 0 0 0 0 0 0 0
Tina_2000000_9900_10 1 4 7 0 0 0 0 0 0 5 0 11 0 4 0 0 0 0 0 0 3
Donald_2000000_9900_10 1 2 0 0 0 0 0 0 0 3 0 0 0 2 0 0 0 0 0 0 3
Melissa_2000000_9900_10 2 2 0 0 0 10 5 0 0 0 0 0 0 0 5 0 0 1 6 5 0
Christy_2000000_9900_10 1 2 0 0 0 0 0 0 0 3 0 0 0 2 0 0 0 0 0 0 5
Douglas_2000000_9900_10 1 4 7 0 0 14 3 4 13 5 22 17 27 4 0 0 7 7 0 0 10
Natasha_2000000_9900_10 1 2 0 0 0 0 0 0 0 3 0 0 0 2 0 0 0 0 0 0 0
Debby_2000000_9900_10 1 2 0 0 0 0 0 0 0 3 0 0 2 5 0 0 0 0 0 0 5
Walter_2000000_9900_10 2 4 7 0 0 19 10 0 0 0 0 0 0 0 9 0 0 5 14 11 0
Grace_2000000_9900_10 0 4 0 0 0 0 0 0 0 0 0 0 0 0 0 0 0 0 0 0 0
Scott_2000000_9900_10 0 2 0 0 0 0 0 0 0 0 0 0 0 0 0 0 0 0 0 0 0
Francine_2000000_9900_10 0 3 0 0 0 0 0 0 0 0 0 0 0 0 0 0 0 0 0 0 0
Camille_2000000_9900_10 0 3 10 0 0 0 0 0 0 0 0 0 0 10 0 0 0 0 0 0 2
Lauren_2000000_9900_10 2 5 22 0 0 0 0 0 0 0 0 0 7 17 4 0 0 7 15 6 3
Brett_2000000_9900_10 2 3 2 0 0 0 0 0 0 0 0 0 3 0 0 0 0 1 6 2 0
Jeffrey_2000000_9900_10 0 4 0 0 0 0 0 0 0 0 0 0 0 0 0 0 0 0 0 0 0
Rafael_2000000_9900_10 1 5 8 0 0 0 0 0 0 5 9 9 4 3 0 0 0 0 0 0 2
Carlos_2000000_9900_10 0 2 0 0 0 0 0 0 0 0 0 0 0 0 0 0 0 0 0 0 0
Edmundo_2000000_9900_10 0 4 7 0 0 0 0 0 0 0 0 0 0 0 0 0 0 0 0 0 0
Irmgard_2000000_9900_10 1 4 0 0 0 0 0 0 0 5 0 0 0 4 0 0 0 0 0 0 5
Sherri_2000000_9900_10 2 2 13 0 0 7 0 0 0 0 0 0 2 15 10 0 0 2 10 8 7
Jennifer_2000000_9900_10 1 3 11 0 7 0 0 0 10 9 11 39 9 37 11 10 4 0 7 0 23
Raye_2000000_9900_10 1 3 0 0 0 0 0 0 0 4 0 0 0 3 0 0 0 0 0 0 7
Darren_2000000_9900_10 2 4 0 0 0 9 9 0 0 0 0 0 0 0 0 0 0 3 7 4 0
Justin_2000000_9900_10 1 2 0 0 0 0 0 0 0 3 0 0 0 7 0 0 0 0 0 1 7
Donn_2000000_9900_10 0 2 0 0 0 0 0 0 0 0 0 0 0 0 0 0 0 0 0 0 0
Dale_2000000_9900_10 1 3 0 0 0 0 0 0 0 9 9 5 4 8 0 0 4 0 0 3 4
Anita_2000000_9900_10 1 2 0 0 0 0 0 0 0 8 5 0 5 2 0 0 0 0 0 0 5
Marjorie_2000000_9900_10 0 4 7 0 0 0 0 0 0 0 0 0 0 0 0 0 0 0 0 0 3
Myron_2000000_9900_10 2 3 0 0 0 7 0 0 0 0 0 0 0 0 7 0 0 5 10 8 0
Bonita_2000000_9900_10 2 2 0 0 0 10 5 0 0 0 0 0 0 0 5 0 0 1 6 5 0
Barb_2000000_9900_10 1 2 0 0 0 0 0 0 0 0 0 0 0 0 0 0 0 0 0 0 0
Joy_2000000_9900_10 0 2 0 0 0 0 0 0 0 0 0 0 0 0 0 0 0 0 0 0 0
Edgar_2000000_9900_10 1 2 5 0 0 0 0 0 0 8 5 12 3 21 0 0 0 0 0 0 0
Elaine_2000000_9900_10 0 4 0 0 0 0 0 0 0 0 0 0 0 0 0 0 0 0 0 0 0
Marcia_2000000_9900_10 1 2 0 0 0 0 0 0 0 8 10 5 7 10 0 0 0 0 0 0 0
Sam_2000000_9900_10 0 2 0 0 0 0 0 0 0 0 0 0 0 0 0 0 0 0 0 0 0
Lydia_2000000_9900_10 0 4 0 0 0 0 0 0 0 0 0 0 0 0 0 0 0 0 0 0 0
Bertie_2000000_9900_10 1 2 0 0 0 0 0 0 0 4 0 0 0 24 8 15 5 5 0 0 12
Steven_2000000_9900_10 1 2 0 0 0 0 3 0 0 3 5 0 0 12 0 0 0 0 0 0 0
Martha_2000000_9900_10 1 4 0 0 0 0 0 0 0 0 0 0 0 0 0 0 0 0 0 0 0
Jamie_2000000_9900_10 1 4 0 0 0 0 0 0 0 5 0 0 0 4 0 0 0 0 0 0 3
Latashia_2000000_9900_10 1 2 0 0 0 0 0 0 0 0 0 0 0 0 0 0 0 0 0 0 0
Ahmad_2000000_9900_10 1 4 7 0 0 0 0 0 0 5 0 0 0 16 4 0 0 0 0 0 9
David_2000000_9900_10 2 2 0 0 0 5 0 0 0 0 0 0 0 3 5 0 0 1 6 5 0
Brant_2000000_9900_10 0 4 0 0 0 0 0 0 0 0 0 0 0 0 0 0 0 0 0 0 0
Jan_2000000_9900_10 1 2 0 0 0 0 0 0 0 8 5 0 0 2 0 0 0 0 0 0 5
Kimberly_2000000_9900_10 0 3 0 0 0 0 0 0 0 0 0 0 0 0 0 0 0 0 0 0 0
Lucy_2000000_9900_10 1 4 7 0 0 7 3 11 7 5 0 0 0 4 0 7 7 7 0 0 9
Barbara_2000000_9900_10 0 2 0 0 0 0 0 0 0 0 0 0 0 0 0 0 0 0 0 0 0
Kelly_2000000_9900_10 0 4 0 0 0 0 0 0 0 0 0 0 0 3 4 0 0 0 0 0 0
Richard_2000000_9900_10 0 2 0 0 0 0 0 0 0 0 0 0 0 0 0 0 0 0 0 0 0
Kathleen_2000000_9900_10 2 5 10 0 0 0 0 0 0 0 0 0 7 0 0 0 0 8 14 4 0
Christopher_2000000_9900_10 0 2 0 0 0 0 0 0 0 0 0 0 0 0 0 0 0 0 0 0 0
William_2000000_9900_10 0 4 7 0 0 0 0 0 0 0 0 0 0 0 0 0 0 0 0 0 3
George_2000000_9900_10 0 2 0 0 0 0 0 0 0 0 0 0 0 0 0 0 0 0 0 0 0
Robert_2000000_9900_10 0 4 0 0 0 0 0 0 0 0 0 0 0 0 0 0 0 0 0 0 0
James_2000000_9900_10 0 4 0 0 0 0 0 0 0 0 0 0 0 0 0 0 0 0 0 0 0
Bruce_2000000_9900_10 0 2 0 0 0 0 0 0 0 0 0 0 0 0 0 0 0 0 0 0 0
Emily_2000000_9900_10 2 5 4 0 0 0 0 0 0 0 0 0 7 0 0 0 0 8 14 4 0
Peggy_2000000_9900_10 1 2 0 0 0 0 0 0 0 3 0 0 2 15 0 0 0 0 0 0 5
Max_2000000_9900_10 1 4 0 0 0 0 0 0 0 5 0 0 0 4 0 0 0 0 0 0 5
Marion_2000000_9900_10 2 4 7 0 0 10 0 0 0 0 0 0 0 0 10 0 0 2 12 10 0
Gretta_2000000_9900_10 2 2 0 0 0 0 0 0 0 0 0 0 0 0 0 0 0 0 0 0 0
Elizabeth_2000000_9900_10 0 3 0 0 0 0 0 0 0 0 0 0 0 0 0 0 0 0 0 0 0
Carmen_2000000_9900_10 2 3 2 0 0 0 0 0 0 0 0 0 3 0 0 0 0 1 6 2 0
Heather_2000000_9900_10 1 2 0 0 0 0 0 3 0 3 0 0 0 2 0 0 0 0 0 0 0
Angela_2000000_9900_10 0 3 0 0 0 0 0 0 0 0 0 0 0 0 0 0 0 0 0 0 0
Brandon_2000000_9900_10 1 3 0 0 0 0 0 0 0 4 0 0 0 3 0 0 0 0 0 0 7
Norene_2000000_9900_10 0 3 0 0 0 0 0 0 0 0 0 0 0 0 0 0 0 0 0 0 0
Willie_2000000_9900_10 2 5 4 0 0 0 0 0 0 0 0 0 7 0 0 0 0 3 14 4 0
Frances_2000000_9900_10 2 6 4 0 0 0 0 0 0 0 0 0 6 0 0 0 0 2 12 9 0
Garry_2000000_9900_10 0 2 0 0 0 0 0 0 0 0 0 0 0 0 0 0 0 0 0 0 0
Leslie_2000000_9900_10 1 2 0 0 0 0 0 0 0 8 10 0 2 15 0 0 0 0 0 0 5
Mark_2000000_9900_10 0 4 0 0 0 0 0 0 0 0 0 0 0 0 0 0 0 0 0 0 0
Margaret_2000000_9900_10 2 4 3 0 0 0 0 0 0 0 0 0 5 0 0 0 0 2 10 3 0
Thomas_1000000_9000_10 0 2 0 0 0 0 0 0 0 0 0 0 0 0 0 0 0 0 0 0 0
Jessica_1000000_9000_10 2 6 4 0 0 0 0 0 0 0 0 0 7 6 0 0 0 9 12 9 0
Laverne_1000000_9000_10 0 3 0 0 0 0 0 0 0 0 0 0 0 0 0 0 0 0 0 0 0
Irene_1000000_9000_10 1 3 0 0 0 0 0 0 0 29 0 0 0 3 0 0 0 0 0 0 2
Annette_1000000_9000_10 1 2 0 0 0 0 0 0 0 5 10 3 12 0 0 0 0 0 0 0 0
Dorothy_1000000_9000_10 0 2 0 0 0 0 0 0 0 0 0 0 0 0 0 0 0 0 0 0 0
Raymond_1000000_9000_10 1 2 0 0 0 0 0 0 0 3 0 0 2 0 0 0 0 0 0 0 5
Anthony_1000000_9000_10 1 2 0 0 0 0 0 0 0 3 17 3 7 0 0 0 0 0 0 1 2
Nelson_1000000_9000_10 2 5 4 0 0 0 0 0 0 0 0 0 7 0 0 0 0 7 14 4 0
Eric_1000000_9000_10 1 4 0 7 7 7 3 18 14 14 9 9 9 4 3 11 14 14 0 0 8
Erika_1000000_9000_10 2 3 8 0 0 7 0 0 0 0 0 0 0 0 7 0 0 5 10 8 0
Patricia_1000000_9000_10 0 3 0 0 0 0 0 0 0 0 0 0 0 0 0 0 0 0 0 0 0
Judith_1000000_9000_10 0 4 0 0 0 0 0 0 0 0 0 0 0 0 0 0 0 0 0 0 0
Sandra_1000000_9000_10 0 2 0 0 0 0 0 0 0 0 0 0 0 0 0 0 0 0 0 0 0
Napoleon_1000000_9000_10 1 2 0 0 0 0 0 0 0 0 0 0 0 11 3 0 2 0 0 0 1
Dolores_1000000_9000_10 2 4 17 0 0 10 0 0 0 0 0 0 0 0 10 0 0 7 14 11 0
Eloisa_1000000_9000_10 1 3 0 0 0 0 0 0 0 4 0 0 0 3 0 0 0 0 0 0 6
Gerald_1000000_9000_10 0 2 0 0 0 0 0 0 0 8 5 7 3 2 0 0 0 0 0 0 0
Patrick_1000000_9000_10 1 2 0 0 0 0 0 6 0 3 0 0 0 2 0 6 0 0 0 0 0
Nicole_1000000_9000_10 1 2 0 0 0 0 0 0 0 10 15 8 12 0 0 0 0 0 0 0 0
Alvin_1000000_9000_10 0 2 0 0 0 0 0 0 0 0 0 0 0 0 0 0 0 0 0 0 0
Travis_1000000_9000_10 2 2 0 0 0 0 5 0 0 0 0 0 0 0 0 0 0 0 0 0 0
Tommy_1000000_9000_10 0 4 0 0 0 0 0 0 0 0 0 0 0 0 0 0 0 0 0 0 0
Timothy_1000000_9000_10 1 3 0 0 0 0 0 0 0 4 0 14 4 3 0 0 0 0 0 2 9
Paul_1000000_9000_10 2 3 9 0 0 14 7 0 0 0 0 0 0 0 7 0 0 2 10 8 0
Tonya_1000000_9000_10 1 2 0 0 0 0 0 0 0 5 0 5 0 0 0 0 0 0 0 0 0
Della_1000000_9000_10 1 3 0 0 0 0 0 0 0 4 0 0 0 3 0 0 0 0 0 0 2
Bobby_1000000_9000_10 1 2 0 0 0 0 0 0 0 3 0 0 0 2 0 0 0 0 0 0 5
Kevin_1000000_9000_10 2 2 5 0 0 10 5 0 0 0 0 0 0 0 0 0 0 4 2 0 0
Sara_1000000_9000_10 0 4 0 0 0 0 0 0 0 0 0 0 0 0 0 0 0 0 0 0 0
Brenda_1000000_9000_10 0 3 0 0 0 0 0 0 0 0 0 0 0 0 0 0 0 0 0 0 0
Edith_1000000_9000_10 0 2 0 0 0 0 0 0 0 0 0 0 0 0 0 0 0 0 0 0 0
Jonathan_1000000_9000_10 0 2 0 0 0 0 0 0 0 0 0 0 0 0 0 0 0 0 0 0 0
Cole_1000000_9000_10 1 3 0 0 0 0 0 0 0 0 0 0 0 4 0 0 3 0 0 2 9
Howard_1000000_9000_10 2 4 3 0 0 0 0 0 0 0 0 0 5 0 0 0 0 5 10 3 0
Rudolf_1000000_9000_10 2 3 0 0 0 7 7 0 0 0 0 0 0 5 0 0 0 0 0 0 0
Vincent_1000000_9000_10 1 2 0 0 0 0 0 6 0 3 0 0 0 2 0 6 0 0 0 0 0
Elda_1000000_9000_10 1 2 0 0 0 0 0 0 0 3 0 0 0 2 0 0 0 0 0 0 0
Shawn_1000000_9000_10 0 2 0 0 0 0 0 0 0 0 0 0 0 0 0 0 0 0 0 0 0
Jeff_1000000_9000_10 2 4 3 0 0 0 0 0 0 0 0 0 0 0 0 0 0 2 10 3 0
Katie_1000000_9000_10 2 3 13 0 0 8 0 0 0 0 0 0 0 0 8 0 0 2 10 8 0
Janice_1000000_9000_10 1 2 0 0 0 0 0 0 0 3 0 0 0 2 0 0 0 0 0 0 0
Joseph_1000000_9000_10 0 2 0 0 0 0 0 0 0 0 0 0 0 0 0 0 0 0 0 0 0
Debra_1000000_9000_10 1 2 0 0 0 0 0 0 0 3 0 0 0 2 0 0 0 0 0 0 5
Rachel_1000000_9000_10 0 4 0 0 0 0 0 0 0 0 0 0 0 0 0 0 0 0 0 0 0
Lorraine_1000000_9000_10 0 4 7 0 0 0 0 0 0 0 0 0 0 3 4 0 0 0 0 0 0
Janet_1000000_9000_10 0 4 0 0 0 0 0 0 0 0 0 0 0 0 0 0 0 0 0 0 0
Charles_1000000_9000_10 0 4 0 0 0 0 0 0 0 0 0 0 0 0 0 0 0 0 0 0 0
Michael_1000000_9000_10 1 2 0 0 0 0 0 0 0 3 0 0 0 2 0 0 0 0 0 0 0
Constance_1000000_9000_10 2 6 4 0 0 0 0 0 0 0 0 0 7 0 0 0 0 7 14 4 0
Selma_1000000_9000_10 1 2 0 0 0 0 0 0 0 14 10 0 5 2 0 0 0 0 0 0 5
Genevieve_1000000_9000_10 0 4 0 0 0 0 0 0 0 0 0 0 0 0 0 0 0 0 0 0 0
Helen_1000000_9000_10 0 4 0 0 0 0 0 0 0 0 0 0 0 0 0 0 0 0 0 0 0
Brian_1000000_9000_10 1 2 0 0 0 0 0 0 0 5 0 0 0 0 0 0 0 0 0 0 0
Gloria_1000000_9000_10 0 4 0 0 0 0 0 0 0 0 0 0 0 0 0 0 0 0 0 0 0
John_1000000_9000_10 0 3 0 0 0 0 0 0 0 0 0 0 0 0 0 0 0 0 0 0 0
Keith_1000000_9000_10 0 2 0 0 0 0 0 0 0 0 0 0 0 0 0 0 0 0 0 0 0
Gustavo_1000000_9000_10 0 4 0 0 0 0 0 0 0 0 0 0 0 0 0 0 0 0 0 0 0
Joshua_1000000_9000_10 1 2 0 0 0 0 0 0 0 3 0 0 0 2 0 0 0 0 0 0 5
Lynnette_1000000_9000_10 1 2 0 0 0 0 0 0 0 3 5 0 0 2 0 0 0 0 0 0 5
Agnes_1000000_9000_10 2 3 13 0 0 14 7 0 0 0 0 0 0 7 7 0 0 5 10 8 4
Eleanor_1000000_9000_10 0 2 0 0 0 0 0 0 0 0 0 0 0 0 0 0 0 0 0 0 0
Rhonda_1000000_9000_10 2 5 4 0 0 0 0 0 0 0 0 0 7 0 0 0 0 8 14 4 0
Linda_1000000_9000_10 0 2 0 0 0 0 0 0 0 0 0 0 0 0 0 0 0 0 0 0 0
Felix_1000000_9000_10 1 3 0 0 0 0 0 0 0 4 0 0 0 3 0 0 0 0 0 2 9
Louis_1000000_9000_10 0 4 0 0 0 0 0 0 0 0 0 0 0 3 4 0 0 0 0 0 0
Owen_1000000_9000_10 1 3 0 0 0 0 0 0 0 4 0 0 0 3 0 0 0 0 0 0 6
Nancy_1000000_9000_10 1 2 0 0 0 0 0 0 0 3 0 0 0 2 0 0 0 0 0 0 0
Aileen_1000000_9000_10 1 2 0 0 0 0 0 0 0 3 0 0 0 2 0 0 0 0 0 1 7
Rene_1000000_9000_10 0 4 0 0 0 0 0 0 0 0 0 0 0 0 0 0 0 0 0 0 0
Norman_1000000_9000_10 1 4 7 0 0 0 0 0 0 5 0 0 0 7 4 0 0 0 0 0 3
Joanna_1000000_9000_10 2 6 4 0 0 0 0 0 0 0 0 0 6 0 0 0 0 5 12 4 0
Cynthia_1000000_9000_10 1 4 0 0 7 0 0 0 0 5 0 0 0 4 0 0 0 0 0 0 0
Amy_1000000_9000_10 2 4 22 0 0 9 0 0 0 0 0 0 0 0 9 0 0 8 14 11 0
Marie_1000000_9000_10 0 2 0 0 0 0 0 0 0 0 0 0 0 0 0 0 0 0 0 0 0
Lori_1000000_9000_10 2 4 0 0 0 0 0 0 0 0 0 0 0 0 0 0 0 3 14 11 0
Ivan_1000000_9000_10 0 2 0 0 0 0 0 0 0 0 0 0 0 0 0 0 0 0 0 0 0
Chester_1000000_9000_10 2 5 4 0 0 0 0 0 0 0 0 0 0 0 0 0 0 3 14 4 0
Susan_1000000_9000_10 2 4 23 0 0 10 0 0 0 0 0 0 0 10 14 0 0 5 12 10 3
Terry_1000000_9000_10 2 5 4 0 0 0 0 0 0 0 0 0 7 0 0 0 0 3 14 4 0
Tamara_1000000_9000_10 0 4 0 0 0 0 0 0 0 0 0 0 0 0 0 0 0 0 0 0 0
Rose_1000000_9000_10 0 1 5 0 0 0 0 0 0 0 0 0 1 3 2 0 0 0 0 0 4
Cecil_1000000_9000_10 2 2 23 0 0 8 0 0 0 0 0 0 0 12 10 0 0 5 10 8 12
Leticia_1000000_9000_10 1 3 5 0 0 0 0 0 0 0 0 0 0 6 0 0 3 0 0 0 2
Phuong_1000000_9000_10 0 4 0 0 0 0 0 0 0 0 0 0 0 0 0 0 0 0 0 0 0
Sharon_1000000_9000_10 0 3 0 0 0 0 0 0 0 0 0 0 0 0 0 0 0 0 0 0 0
Rochelle_1000000_9000_10 0 2 0 0 0 0 0 0 0 0 0 0 0 0 0 0 0 0 0 0 0
Millard_1000000_9000_10 0 2 0 0 0 0 0 0 0 0 0 0 0 0 0 0 0 0 0 0 0
Michelle_1000000_9000_10 0 4 0 0 0 0 0 0 0 0 0 0 0 0 0 0 0 0 0 0 0
Stacey_1000000_9000_10 1 2 0 0 0 0 0 0 0 3 0 0 0 2 0 0 0 0 0 1 3
Jewell_1000000_9000_10 2 2 9 0 0 5 0 0 0 0 0 0 0 0 5 0 0 1 6 5 0
Patria_1000000_9000_10 1 4 0 0 0 0 0 0 0 17 0 0 0 4 0 0 0 0 6 0 8
Carolyn_1000000_9000_10 1 2 0 0 0 0 0 0 0 3 0 0 0 2 0 0 0 0 0 1 7
Wade_1000000_9000_10 2 4 0 0 0 0 0 0 0 0 0 0 0 0 0 0 0 0 0 0 0
Rita_1000000_9000_10 1 2 0 0 0 0 0 0 0 3 0 0 0 2 0 0 0 0 0 1 7
Frank_1000000_9000_10 0 2 0 0 0 0 0 0 0 0 0 0 0 0 0 0 0 0 0 0 0
Betty_1000000_9000_10 0 2 0 0 0 0 0 0 0 0 0 0 0 0 0 0 0 0 0 0 0
Tina_1000000_9000_10 1 2 0 0 0 0 0 0 0 3 0 0 0 2 0 0 0 0 0 0 0
Donald_1000000_9000_10 1 2 0 0 0 0 0 0 0 3 0 0 0 2 0 0 0 0 0 0 5
Melissa_1000000_9000_10 2 2 8 0 0 10 5 0 0 0 0 0 0 0 5 0 0 1 6 5 0
Christy_1000000_9000_10 1 2 0 0 0 0 0 0 0 3 0 0 0 2 0 0 0 0 0 0 5
Douglas_1000000_9000_10 1 2 0 0 0 3 0 0 3 3 0 0 0 2 0 0 0 0 0 0 5
Natasha_1000000_9000_10 1 2 0 0 0 0 0 0 0 3 0 0 0 2 0 0 0 0 0 0 0
Debby_1000000_9000_10 1 3 0 0 0 0 0 0 0 4 0 0 0 3 0 0 0 0 0 0 6
Walter_1000000_9000_10 2 3 13 0 0 14 7 0 0 0 0 0 0 0 7 0 0 5 10 8 0
Grace_1000000_9000_10 0 4 0 0 0 0 0 0 0 0 0 0 0 0 0 0 0 0 0 0 0
Scott_1000000_9000_10 0 2 0 0 0 0 0 0 0 0 0 0 0 0 0 0 0 0 0 0 0
Francine_1000000_9000_10 0 4 0 0 0 0 0 0 0 0 0 0 0 0 0 0 0 0 0 0 0
Camille_1000000_9000_10 0 3 5 0 0 0 0 0 0 0 0 0 0 10 0 0 0 0 0 0 2
Lauren_1000000_9000_10 2 5 11 0 0 0 0 0 0 0 0 0 7 7 0 0 0 8 13 6 0
Brett_1000000_9000_10 2 5 4 0 0 0 0 0 0 0 0 0 7 0 0 0 0 7 14 4 0
Jeffrey_1000000_9000_10 0 4 0 0 0 0 0 0 0 0 0 0 0 0 0 0 0 0 0 0 0
Rafael_1000000_9000_10 1 2 3 0 0 0 0 0 0 3 0 0 0 7 0 0 0 0 0 0 1
Carlos_1000000_9000_10 0 2 0 0 0 0 0 0 0 0 0 0 0 0 0 0 0 0 0 0 0
Edmundo_1000000_9000_10 0 4 0 0 0 0 0 0 0 0 0 0 0 0 0 0 0 0 0 0 0
Irmgard_1000000_9000_10 1 4 0 0 0 0 0 0 0 5 0 0 0 4 0 0 0 0 0 0 5
Sherri_1000000_9000_10 2 2 8 0 0 7 0 0 0 0 0 0 0 12 10 0 0 2 10 8 7
Jennifer_1000000_9000_10 1 3 5 0 0 0 0 0 0 4 0 14 11 31 3 5 0 0 0 0 14
Raye_1000000_9000_10 1 2 0 0 0 0 0 0 0 3 0 0 0 2 0 0 0 0 0 0 5
Darren_1000000_9000_10 2 4 0 0 0 0 0 0 0 0 0 0 0 0 0 0 0 3 7 4 0
Justin_1000000_9000_10 1 2 0 0 0 0 0 0 0 3 0 0 0 2 0 0 0 0 0 1 7
Donn_1000000_9000_10 0 2 0 0 0 0 0 0 0 0 0 0 0 0 0 0 0 0 0 0 0
Dale_1000000_9000_10 1 2 0 0 0 0 0 0 0 5 3 0 2 0 0 0 0 0 0 1 2
Anita_1000000_9000_10 1 2 0 0 0 0 0 0 0 10 0 0 0 2 0 0 0 0 0 0 5
Marjorie_1000000_9000_10 0 2 0 0 0 0 0 0 0 0 0 0 0 0 0 0 0 0 0 0 0
Myron_1000000_9000_10 2 3 12 0 0 8 0 0 0 0 0 0 0 0 7 0 0 5 10 8 0
Bonita_1000000_9000_10 2 2 8 0 0 10 5 0 0 0 0 0 0 0 5 0 0 1 6 5 0
Barb_1000000_9000_10 1 2 0 0 0 0 0 0 0 0 0 0 0 0 0 0 0 0 0 0 0
Joy_1000000_9000_10 0 2 0 0 0 0 0 0 0 0 0 0 0 0 0 0 0 0 0 0 0
Edgar_1000000_9000_10 1 3 7 0 0 0 0 0 0 3 0 0 5 33 2 6 0 0 0 0 10
Elaine_1000000_9000_10 0 2 0 0 0 0 0 0 0 0 0 0 0 0 0 0 0 0 0 0 0
Marcia_1000000_9000_10 1 2 0 0 0 0 0 0 0 5 8 0 5 2 0 0 0 0 0 0 0
Sam_1000000_9000_10 0 2 0 0 0 0 0 0 0 0 0 0 0 0 0 0 0 0 0 0 0
Lydia_1000000_9000_10 0 4 0 0 0 0 0 0 0 0 0 0 0 0 0 0 0 0 0 0 0
Bertie_1000000_9000_10 1 2 0 0 0 0 0 0 0 4 0 0 0 12 3 0 0 0 0 0 11
Steven_1000000_9000_10 1 2 0 0 0 0 3 0 0 3 0 0 0 2 0 0 0 0 0 0 0
Martha_1000000_9000_10 1 4 0 0 0 0 0 0 0 0 0 0 0 0 0 0 0 0 0 0 0
Jamie_1000000_9000_10 1 3 0 0 0 0 0 0 0 4 0 0 0 3 0 0 0 0 0 0 2
Latashia_1000000_9000_10 1 2 0 0 0 0 0 0 0 0 0 0 0 0 0 0 0 0 0 0 0
Ahmad_1000000_9000_10 1 4 7 0 0 0 0 0 0 5 0 0 0 7 4 0 0 0 0 0 8
David_1000000_9000_10 2 3 13 0 0 8 0 0 0 0 0 0 0 5 7 0 0 2 10 8 0
Brant_1000000_9000_10 0 4 0 0 0 0 0 0 0 0 0 0 0 0 0 0 0 0 0 0 0
Jan_1000000_9000_10 1 2 0 0 0 0 0 0 0 3 0 0 0 2 0 0 0 0 0 0 5
Kimberly_1000000_9000_10 0 3 0 0 0 0 0 0 0 0 0 0 0 0 0 0 0 0 0 0 0
Lucy_1000000_9000_10 1 4 0 0 0 7 0 7 7 5 0 0 0 4 0 0 7 0 0 0 8
Barbara_1000000_9000_10 0 3 0 0 0 0 0 0 0 0 0 0 0 0 0 0 0 0 0 0 0
Kelly_1000000_9000_10 0 2 0 0 0 0 0 0 0 0 0 0 0 0 0 0 0 0 0 0 0
Richard_1000000_9000_10 0 2 0 0 0 0 0 0 0 0 0 0 0 0 0 0 0 0 0 0 0
Kathleen_1000000_9000_10 2 5 10 0 0 0 0 0 0 0 0 0 7 0 0 0 0 7 14 4 0
Christopher_1000000_9000_10 0 2 0 0 0 0 0 0 0 0 0 0 0 0 0 0 0 0 0 0 0
William_1000000_9000_10 0 4 0 0 0 0 0 0 0 0 0 0 0 0 0 0 0 0 0 0 0
George_1000000_9000_10 0 3 0 0 0 0 0 0 0 0 0 0 0 0 0 0 0 0 0 0 0
Robert_1000000_9000_10 0 2 0 0 0 0 0 0 0 0 0 0 0 0 0 0 0 0 0 0 0
James_1000000_9000_10 0 2 0 0 0 0 0 0 0 0 0 0 0 0 0 0 0 0 0 0 0
Bruce_1000000_9000_10 0 2 0 0 0 0 0 0 0 0 0 0 0 0 0 0 0 0 0 0 0
Emily_1000000_9000_10 2 5 4 0 0 0 0 0 0 0 0 0 7 0 0 0 0 8 14 4 0
Peggy_1000000_9000_10 1 2 0 0 0 0 0 0 0 3 0 0 0 2 0 0 0 0 0 0 5
Max_1000000_9000_10 1 4 0 0 0 0 0 0 0 5 0 0 0 4 0 0 0 0 0 0 8
Marion_1000000_9000_10 2 3 13 0 0 8 0 0 0 0 0 0 0 0 8 0 0 2 10 8 0
Gretta_1000000_9000_10 2 2 0 0 0 0 0 0 0 0 0 0 0 0 0 0 0 0 0 0 0
Elizabeth_1000000_9000_10 0 3 0 0 0 0 0 0 0 0 0 0 0 0 0 0 0 0 0 0 0
Carmen_1000000_9000_10 2 4 3 0 0 0 0 0 0 0 0 0 5 0 0 0 0 4 10 3 0
Heather_1000000_9000_10 1 2 0 0 0 0 0 3 0 3 0 0 0 2 0 0 0 0 0 0 0
Angela_1000000_9000_10 0 3 0 0 0 0 0 0 0 0 0 0 0 0 0 0 0 0 0 0 0
Brandon_1000000_9000_10 1 3 0 0 0 0 0 0 0 4 0 0 0 3 0 0 0 0 0 0 6
Norene_1000000_9000_10 0 3 0 0 0 0 0 0 0 0 0 0 0 0 0 0 0 0 0 0 0
Willie_1000000_9000_10 2 5 4 0 0 0 0 0 0 0 0 0 7 0 0 0 0 3 14 4 0
Frances_1000000_9000_10 2 6 4 0 0 0 0 0 0 0 0 0 6 0 0 0 0 5 12 4 0
Garry_1000000_9000_10 0 4 0 0 0 0 0 0 0 0 0 0 0 0 0 0 0 0 0 0 0
Leslie_1000000_9000_10 1 3 0 0 0 0 0 0 0 4 0 0 0 3 0 0 0 0 0 0 6
Mark_1000000_9000_10 0 3 0 0 0 0 0 0 0 0 0 0 0 0 0 0 0 0 0 0 0
Margaret_1000000_9000_10 2 4 3 0 0 0 0 0 0 0 0 0 5 0 0 0 0 5 10 3 0
Thomas_2000000_9900_5 0 4 7 0 0 0 0 0 0 0 0 0 3 7 4 0 0 0 0 0 10
Jessica_2000000_9900_5 2 4 12 0 0 0 0 0 0 0 0 0 5 5 0 0 0 5 10 3 0
Laverne_2000000_9900_5 0 4 0 0 0 0 0 0 0 0 0 0 0 0 0 0 0 0 0 0 0
Irene_2000000_9900_5 1 4 7 0 0 7 3 11 7 28 0 17 5 7 4 7 7 7 0 0 3
Annette_2000000_9900_5 1 4 7 0 0 0 0 0 0 5 0 0 0 23 4 0 0 0 0 0 16
Dorothy_2000000_9900_5 0 2 0 0 0 0 0 0 0 0 0 0 0 0 0 0 0 0 0 0 0
Raymond_2000000_9900_5 1 4 7 0 0 0 0 0 0 16 0 6 5 11 0 0 0 0 0 0 5
Anthony_2000000_9900_5 1 2 0 0 0 0 0 0 0 8 17 3 12 0 3 0 0 0 0 1 2
Nelson_2000000_9900_5 2 3 2 0 0 0 0 0 0 0 0 0 3 0 0 0 0 1 6 2 0
Eric_2000000_9900_5 1 2 0 0 0 0 0 0 0 5 5 8 12 0 0 0 0 0 0 0 0
Erika_2000000_9900_5 2 2 0 0 0 5 0 0 0 0 0 0 0 0 5 0 0 1 6 5 0
Patricia_2000000_9900_5 0 2 0 0 0 0 0 0 0 0 0 0 0 0 0 0 0 0 0 0 0
Judith_2000000_9900_5 0 2 0 0 0 0 0 0 0 0 0 0 0 0 0 0 0 0 0 0 0
Sandra_2000000_9900_5 0 4 7 0 0 0 0 0 0 0 0 0 0 10 4 0 0 0 0 0 3
Napoleon_2000000_9900_5 1 2 0 0 0 0 0 0 0 0 0 0 0 11 3 0 2 0 0 0 1
Dolores_2000000_9900_5 2 3 5 0 0 7 0 0 0 0 0 0 0 0 7 0 0 2 10 8 0
Eloisa_2000000_9900_5 1 3 11 0 0 0 0 0 0 5 0 0 0 10 4 0 0 0 0 0 16
Gerald_2000000_9900_5 0 4 7 10 4 7 10 11 14 14 17 5 15 15 7 0 0 14 0 0 0
Patrick_2000000_9900_5 1 4 0 0 0 7 3 21 7 16 22 17 11 15 0 17 7 7 0 0 0
Nicole_2000000_9900_5 1 4 14 0 0 0 3 4 7 5 0 17 5 7 4 7 7 0 0 0 9
Alvin_2000000_9900_5 0 3 5 0 0 0 0 0 0 0 0 0 0 12 3 0 0 0 0 0 2
Travis_2000000_9900_5 2 2 0 0 0 0 5 0 0 0 0 0 0 0 0 0 0 3 0 0 0
Tommy_2000000_9900_5 0 4 0 0 0 0 0 0 0 0 0 0 0 0 0 0 0 0 0 0 0
Timothy_2000000_9900_5 1 4 14 0 0 7 3 11 7 16 22 17 27 7 4 7 7 7 0 2 21
Paul_2000000_9900_5 2 3 0 0 0 14 7 0 0 0 0 0 0 0 7 0 0 2 10 8 0
Tonya_2000000_9900_5 1 3 0 0 0 0 0 0 0 4 0 0 0 3 0 0 0 0 0 0 7
Della_2000000_9900_5 1 4 7 0 0 0 0 0 0 5 0 28 5 4 0 0 0 0 0 0 3
Bobby_2000000_9900_5 1 4 0 0 0 0 0 0 0 6 16 6 5 4 0 0 0 0 0 0 5
Kevin_2000000_9900_5 2 2 0 0 0 10 5 0 0 0 0 0 0 0 0 0 0 4 6 2 0
Sara_2000000_9900_5 0 2 0 0 0 0 0 0 0 0 0 0 0 0 0 0 0 0 0 0 0
Brenda_2000000_9900_5 0 4 0 0 0 0 0 0 0 0 0 0 0 0 0 0 0 0 0 0 0
Edith_2000000_9900_5 0 2 0 0 0 0 0 0 0 0 0 0 0 0 0 0 0 0 0 0 0
Jonathan_2000000_9900_5 0 4 0 0 0 0 0 0 0 0 0 0 0 0 0 0 0 0 0 0 0
Cole_2000000_9900_5 1 2 0 0 0 0 0 0 0 0 0 0 0 3 0 0 2 0 0 1 5
Howard_2000000_9900_5 2 5 10 0 0 0 0 0 0 0 0 0 6 0 0 0 0 2 12 9 0
Rudolf_2000000_9900_5 2 3 5 0 0 7 7 0 0 0 0 0 0 15 0 0 0 0 0 0 0
Vincent_2000000_9900_5 1 2 0 0 0 0 0 5 0 3 0 0 0 2 0 5 0 0 0 0 0
Elda_2000000_9900_5 1 3 0 0 0 0 0 0 0 5 0 0 0 4 0 0 0 0 0 0 10
Shawn_2000000_9900_5 0 3 10 0 0 0 0 0 0 0 0 0 0 7 3 0 0 0 0 0 2
Jeff_2000000_9900_5 2 5 4 0 0 0 0 0 0 0 0 0 7 0 0 0 0 3 14 4 0
Katie_2000000_9900_5 2 4 6 0 0 10 0 0 0 0 0 0 0 0 10 0 0 2 12 10 0
Janice_2000000_9900_5 1 4 7 0 0 0 0 0 0 16 11 6 16 7 4 0 0 0 0 0 16
Joseph_2000000_9900_5 0 3 0 0 0 0 0 0 0 0 0 0 0 0 0 0 0 0 0 0 0
Debra_2000000_9900_5 1 3 0 0 0 0 0 0 0 4 0 0 0 3 0 0 0 0 0 0 4
Rachel_2000000_9900_5 0 2 0 0 0 0 0 0 0 0 0 0 0 0 0 0 0 0 0 0 0
Lorraine_2000000_9900_5 0 2 0 0 0 0 0 0 0 0 0 0 0 0 0 0 0 0 0 0 0
Janet_2000000_9900_5 0 4 0 0 0 0 0 0 0 0 0 0 0 0 0 0 0 0 0 0 0
Charles_2000000_9900_5 0 2 0 0 0 0 0 0 0 0 0 0 0 0 0 0 0 0 0 0 0
Michael_2000000_9900_5 1 4 0 0 0 0 0 0 0 6 0 0 0 4 0 0 0 0 0 0 3
Constance_2000000_9900_5 2 6 4 0 0 0 0 0 0 0 0 0 7 0 0 0 0 7 14 4 0
Selma_2000000_9900_5 1 3 0 0 0 0 0 0 5 21 20 4 32 30 0 0 0 0 0 0 4
Genevieve_2000000_9900_5 0 3 0 0 0 0 0 0 0 0 0 0 0 0 0 0 0 0 0 0 0
Helen_2000000_9900_5 0 4 7 0 0 0 0 0 0 0 0 0 0 17 4 0 0 0 0 0 10
Brian_2000000_9900_5 1 3 0 0 0 0 0 0 0 4 0 0 0 3 0 0 0 0 0 0 7
Gloria_2000000_9900_5 0 3 0 0 0 0 0 0 0 0 0 0 0 0 0 0 0 0 0 0 0
John_2000000_9900_5 0 2 0 0 0 0 0 0 0 0 0 0 0 0 0 0 0 0 0 0 0
Keith_2000000_9900_5 0 4 0 0 0 0 0 0 0 0 0 0 0 0 0 0 0 0 0 0 0
Gustavo_2000000_9900_5 0 2 0 0 0 0 0 0 0 0 0 0 0 0 0 0 0 0 0 0 0
Joshua_2000000_9900_5 1 4 0 0 0 0 0 0 0 6 0 0 0 4 0 0 0 0 0 0 11
Lynnette_2000000_9900_5 1 2 0 0 0 0 0 0 0 8 5 0 5 2 0 0 0 0 0 0 5
Agnes_2000000_9900_5 2 3 12 0 0 14 7 0 0 0 0 0 0 7 7 0 0 5 10 8 4
Eleanor_2000000_9900_5 0 3 0 0 0 0 0 0 0 0 0 0 0 0 0 0 0 0 0 0 0
Rhonda_2000000_9900_5 2 6 9 0 0 0 0 0 0 0 0 0 7 0 0 0 0 8 14 4 0
Linda_2000000_9900_5 0 2 0 0 0 0 0 0 0 0 0 0 0 0 0 0 0 0 0 0 0
Felix_2000000_9900_5 1 2 0 0 0 0 0 0 0 3 5 0 2 10 0 0 0 0 0 1 7
Louis_2000000_9900_5 0 3 5 0 0 0 0 0 0 0 0 0 0 12 3 0 0 0 0 0 2
Owen_2000000_9900_5 1 3 11 7 7 7 3 18 14 23 11 28 16 10 11 21 7 14 0 0 16
Nancy_2000000_9900_5 1 2 0 0 0 0 0 0 0 3 0 0 0 2 0 0 0 0 0 0 0
Aileen_2000000_9900_5 1 2 0 0 0 0 0 0 0 3 0 0 0 2 0 0 0 0 0 1 7
Rene_2000000_9900_5 0 2 0 0 0 0 0 0 0 0 0 0 0 0 0 0 0 0 0 0 0
Norman_2000000_9900_5 1 4 7 0 0 0 0 0 0 5 0 0 0 32 4 0 0 0 0 0 16
Joanna_2000000_9900_5 2 3 2 0 0 0 0 0 0 0 0 0 3 0 0 0 0 1 6 2 0
Cynthia_2000000_9900_5 1 2 0 0 3 0 0 0 0 3 0 0 0 2 0 0 0 0 0 0 0
Amy_2000000_9900_5 2 3 7 0 0 0 0 0 0 0 0 0 0 0 0 0 0 2 10 8 0
Marie_2000000_9900_5 0 3 0 0 0 0 0 0 0 0 0 0 0 0 0 0 0 0 0 0 0
Lori_2000000_9900_5 2 4 0 0 0 9 9 0 0 0 0 0 0 0 0 0 0 3 14 11 0
Ivan_2000000_9900_5 0 3 0 0 0 0 0 0 0 0 0 0 0 0 0 0 0 0 0 0 0
Chester_2000000_9900_5 2 4 3 0 0 0 0 0 0 0 0 0 5 0 0 0 0 2 10 3 0
Susan_2000000_9900_5 2 3 15 0 0 7 0 0 0 0 0 0 0 10 7 0 0 2 10 8 2
Terry_2000000_9900_5 2 5 4 0 0 0 0 0 0 0 0 0 7 0 0 0 0 3 14 4 0
Tamara_2000000_9900_5 0 2 0 0 0 0 0 0 0 0 0 0 0 0 0 0 0 0 0 0 0
Rose_2000000_9900_5 0 5 16 0 7 0 0 0 10 4 24 4 12 16 7 14 0 0 7 0 17
Cecil_2000000_9900_5 2 3 27 0 0 10 0 0 0 0 0 0 3 10 20 0 0 7 18 11 17
Leticia_2000000_9900_5 1 3 10 0 0 0 0 0 0 0 0 0 0 11 0 0 3 0 0 0 6
Phuong_2000000_9900_5 0 2 0 0 0 0 0 0 0 0 0 0 0 0 0 0 0 0 0 0 0
Sharon_2000000_9900_5 0 4 0 0 0 0 0 0 0 0 0 0 0 0 0 0 0 0 0 0 0
Rochelle_2000000_9900_5 0 3 0 0 0 0 0 0 0 0 0 0 0 0 0 0 0 0 0 0 0
Millard_2000000_9900_5 0 2 0 0 0 0 0 0 0 0 0 0 0 6 0 0 0 0 0 0 1
Michelle_2000000_9900_5 0 2 0 0 0 0 0 0 0 0 0 0 0 0 0 0 0 0 0 0 0
Stacey_2000000_9900_5 1 7 11 0 0 0 0 0 0 22 33 6 27 7 4 0 0 0 0 3 14
Jewell_2000000_9900_5 2 2 0 0 0 5 0 0 0 0 0 0 0 0 5 0 0 1 6 5 0
Patria_2000000_9900_5 1 2 0 0 0 0 0 0 0 3 0 0 0 2 0 0 0 0 3 0 3
Carolyn_2000000_9900_5 1 3 0 0 0 0 0 0 0 4 0 0 0 3 0 0 0 0 0 3 7
Wade_2000000_9900_5 2 3 0 0 0 0 0 0 0 0 0 0 0 0 0 0 0 0 0 0 0
Rita_2000000_9900_5 1 3 0 0 0 0 0 0 0 4 0 0 0 3 0 0 0 0 0 2 7
Frank_2000000_9900_5 0 2 0 0 0 0 0 0 0 0 0 0 0 0 0 0 0 0 0 0 0
Betty_2000000_9900_5 0 4 0 0 0 0 0 0 0 0 0 0 0 0 0 0 0 0 0 0 0
Tina_2000000_9900_5 1 4 7 0 0 0 0 0 0 5 0 11 0 4 0 0 0 0 0 0 3
Donald_2000000_9900_5 1 2 0 0 0 0 0 0 0 3 0 0 0 2 0 0 0 0 0 0 3
Melissa_2000000_9900_5 2 2 0 0 0 10 5 0 0 0 0 0 0 0 5 0 0 1 6 5 0
Christy_2000000_9900_5 1 4 0 0 0 0 0 0 0 6 0 0 5 4 0 0 0 0 0 0 5
Douglas_2000000_9900_5 1 4 7 0 0 14 3 11 13 5 22 17 27 7 4 7 7 7 0 0 10
Natasha_2000000_9900_5 1 3 0 0 0 0 0 0 0 4 0 0 0 3 0 0 0 0 0 0 7
Debby_2000000_9900_5 1 2 0 0 0 0 0 0 0 3 0 0 2 5 0 0 0 0 0 0 5
Walter_2000000_9900_5 2 4 7 0 0 19 10 0 0 0 0 0 0 0 9 0 0 7 14 11 0
Grace_2000000_9900_5 0 2 0 0 0 0 0 0 0 0 0 0 0 0 0 0 0 0 0 0 0
Scott_2000000_9900_5 0 3 0 0 0 0 0 0 0 0 0 0 0 0 0 0 0 0 0 0 0
Francine_2000000_9900_5 0 2 0 0 0 0 0 0 0 0 0 0 0 0 0 0 0 0 0 0 0
Camille_2000000_9900_5 0 3 10 0 0 0 0 0 0 0 0 0 0 10 0 0 0 0 0 0 0
Lauren_2000000_9900_5 2 5 29 0 0 0 0 0 0 0 0 0 6 17 4 0 0 7 12 9 3
Brett_2000000_9900_5 2 3 2 0 0 0 0 0 0 0 0 0 3 0 0 0 0 1 6 2 0
Jeffrey_2000000_9900_5 0 2 0 0 0 0 0 0 0 0 0 0 0 0 0 0 0 0 0 0 0
Rafael_2000000_9900_5 1 5 8 0 0 7 0 0 0 5 18 9 4 3 0 0 0 0 0 0 2
Carlos_2000000_9900_5 0 2 0 0 0 0 0 0 0 0 0 0 0 0 0 0 0 0 0 0 0
Edmundo_2000000_9900_5 0 2 0 0 0 0 0 0 0 0 0 0 0 0 0 0 0 0 0 0 0
Irmgard_2000000_9900_5 1 2 0 0 0 0 0 0 0 8 5 0 5 7 0 0 0 0 0 0 10
Sherri_2000000_9900_5 2 3 20 0 0 9 0 0 0 0 10 4 3 22 20 0 0 8 14 11 16
Jennifer_2000000_9900_5 1 7 14 0 7 0 0 0 10 9 15 44 9 37 11 10 4 0 7 0 23
Raye_2000000_9900_5 1 4 0 0 0 0 0 0 0 6 16 6 5 4 0 0 0 0 0 0 11
Darren_2000000_9900_5 2 4 0 0 0 9 9 0 0 0 0 0 0 0 0 0 0 3 7 4 0
Justin_2000000_9900_5 1 2 0 0 0 0 0 0 0 3 0 0 0 2 0 0 0 0 0 1 7
Donn_2000000_9900_5 0 2 0 0 0 0 0 0 0 0 0 0 0 0 0 0 0 0 0 0 0
Dale_2000000_9900_5 1 3 0 0 0 0 0 0 0 5 13 5 4 8 0 0 4 0 0 2 4
Anita_2000000_9900_5 1 4 0 0 7 7 3 4 7 40 11 11 11 26 0 7 7 7 0 0 11
Marjorie_2000000_9900_5 0 2 0 0 0 0 0 0 0 0 0 0 0 0 0 0 0 0 0 0 0
Myron_2000000_9900_5 2 2 0 0 0 5 0 0 0 0 0 0 0 0 5 0 0 1 6 5 0
Bonita_2000000_9900_5 2 2 0 0 0 10 5 0 0 0 0 0 0 0 5 0 0 1 6 5 0
Barb_2000000_9900_5 1 3 0 0 0 0 0 0 0 0 0 0 0 0 0 0 0 0 0 0 0
Joy_2000000_9900_5 0 3 0 0 0 0 0 0 0 0 0 0 0 0 0 0 0 0 0 0 0
Edgar_2000000_9900_5 1 2 5 0 0 0 0 0 0 8 5 12 3 21 0 5 0 0 0 0 0
Elaine_2000000_9900_5 0 2 0 0 0 0 0 0 0 0 0 0 0 0 0 0 0 0 0 0 0
Marcia_2000000_9900_5 1 4 0 0 0 0 0 0 0 5 0 0 0 4 0 0 0 0 0 0 0
Sam_2000000_9900_5 0 4 7 0 0 0 0 0 0 0 0 0 0 0 0 0 0 0 0 0 3
Lydia_2000000_9900_5 0 2 0 0 0 0 0 0 0 0 0 0 0 0 0 0 0 0 0 0 0
Bertie_2000000_9900_5 1 2 0 0 0 0 0 0 0 4 0 0 0 24 8 15 5 5 0 0 12
Steven_2000000_9900_5 1 4 0 0 0 0 6 0 0 27 22 6 16 4 0 0 0 0 0 0 3
Martha_2000000_9900_5 1 3 0 0 0 0 0 0 0 0 0 0 0 0 0 0 0 0 0 0 0
Jamie_2000000_9900_5 1 2 0 0 0 0 0 0 0 3 0 0 0 2 0 0 0 0 0 0 0
Latashia_2000000_9900_5 1 2 0 0 0 0 0 0 0 0 0 0 0 0 0 0 0 0 0 0 0
Ahmad_2000000_9900_5 1 4 7 0 0 0 0 0 0 5 0 0 0 16 4 0 0 0 0 0 9
David_2000000_9900_5 2 4 13 0 0 10 0 0 0 0 0 0 0 24 14 0 0 2 12 10 3
Brant_2000000_9900_5 0 2 0 0 0 0 0 0 0 0 0 0 0 0 0 0 0 0 0 0 0
Jan_2000000_9900_5 1 4 0 0 0 7 3 11 7 16 17 11 16 10 0 7 7 7 0 0 5
Kimberly_2000000_9900_5 0 4 0 0 0 0 0 0 0 0 0 0 0 0 0 0 0 0 0 0 0
Lucy_2000000_9900_5 1 4 7 0 0 7 3 11 7 5 9 0 0 4 0 7 7 14 0 0 9
Barbara_2000000_9900_5 0 4 0 0 0 0 0 0 0 0 0 0 0 0 0 0 0 0 0 0 0
Kelly_2000000_9900_5 0 4 7 0 0 0 0 0 0 0 0 0 3 7 4 0 0 0 0 0 0
Richard_2000000_9900_5 0 2 0 0 0 0 0 0 0 0 0 0 0 0 0 0 0 0 0 0 0
Kathleen_2000000_9900_5 2 5 10 0 0 0 0 0 0 0 0 0 7 0 0 0 0 7 16 4 0
Christopher_2000000_9900_5 0 2 0 0 0 0 0 0 0 0 0 0 0 0 0 0 0 0 0 0 0
William_2000000_9900_5 0 4 7 0 0 7 3 11 7 0 0 0 0 17 4 7 7 7 0 0 10
George_2000000_9900_5 0 2 0 0 0 0 0 0 0 0 0 0 0 0 0 0 0 0 0 0 0
Robert_2000000_9900_5 0 2 0 0 0 0 0 0 0 0 0 0 0 0 0 0 0 0 0 0 0
James_2000000_9900_5 0 3 0 0 0 0 0 0 0 0 0 0 0 0 0 0 0 0 0 0 0
Bruce_2000000_9900_5 0 2 0 0 0 0 0 0 0 0 0 0 0 0 0 0 0 0 0 0 0
Emily_2000000_9900_5 2 5 4 0 0 0 0 0 0 0 0 0 7 0 0 0 0 8 14 4 0
Peggy_2000000_9900_5 1 3 18 0 0 0 0 0 0 24 16 6 16 10 11 7 0 0 0 0 17
Max_2000000_9900_5 1 2 0 0 0 0 0 0 0 3 0 0 0 2 0 0 0 0 0 0 3
Marion_2000000_9900_5 2 4 6 0 0 10 0 0 0 0 0 0 0 0 10 0 0 2 12 10 0
Gretta_2000000_9900_5 2 2 0 0 0 0 0 0 0 0 0 0 0 0 0 0 0 0 0 0 0
Elizabeth_2000000_9900_5 0 2 0 0 0 0 0 0 0 0 0 0 0 0 0 0 0 0 0 0 0
Carmen_2000000_9900_5 2 3 2 0 0 0 0 0 0 0 0 0 3 0 0 0 0 1 6 2 0
Heather_2000000_9900_5 1 3 0 0 0 0 0 5 0 4 0 0 0 3 0 0 0 0 0 0 0
Angela_2000000_9900_5 0 2 0 0 0 0 0 0 0 0 0 0 0 0 0 0 0 0 0 0 0
Brandon_2000000_9900_5 1 4 14 0 0 0 0 0 0 16 11 17 27 7 4 0 0 0 0 0 9
Norene_2000000_9900_5 0 4 0 0 0 0 0 0 0 0 0 0 0 0 0 0 0 0 0 0 0
Willie_2000000_9900_5 2 5 4 0 0 0 0 0 0 0 0 0 7 0 0 0 0 3 14 4 0
Frances_2000000_9900_5 2 6 4 0 0 0 0 0 0 0 0 0 6 0 0 0 0 2 12 4 0
Garry_2000000_9900_5 0 2 0 0 0 0 0 0 0 0 0 0 0 0 0 0 0 0 0 0 0
Leslie_2000000_9900_5 1 4 7 0 0 7 3 4 7 5 0 28 16 4 0 0 7 0 0 0 5
Mark_2000000_9900_5 0 2 0 0 0 0 0 0 0 0 0 0 0 0 0 0 0 0 0 0 0
Margaret_2000000_9900_5 2 5 4 0 0 0 0 0 0 0 0 0 7 21 0 0 0 8 14 4 3
Thomas_2000000_9000_5 0 4 7 0 0 0 0 0 0 0 0 0 3 0 4 0 0 0 0 0 10
Jessica_2000000_9000_5 2 6 4 0 0 0 0 0 0 0 0 0 7 6 0 0 0 2 15 9 0
Laverne_2000000_9000_5 0 4 0 0 0 0 0 0 0 0 0 0 0 0 0 0 0 0 0 0 0
Irene_2000000_9000_5 1 2 0 0 0 0 0 0 0 17 15 3 7 0 0 0 0 0 0 0 0
Annette_2000000_9000_5 1 4 7 0 0 0 0 0 0 5 0 0 0 16 4 0 0 0 0 0 9
Dorothy_2000000_9000_5 0 2 0 0 0 0 0 0 0 0 0 0 0 0 0 0 0 0 0 0 0
Raymond_2000000_9000_5 1 2 0 0 0 0 0 0 0 3 0 0 2 0 0 0 0 0 0 0 5
Anthony_2000000_9000_5 1 2 0 0 0 0 0 0 0 8 17 3 12 0 0 0 0 0 0 1 2
Nelson_2000000_9000_5 2 3 2 0 0 0 0 0 0 0 0 0 3 0 0 0 0 1 6 2 0
Eric_2000000_9000_5 1 2 0 0 0 0 0 0 0 0 5 8 7 0 0 0 0 0 0 0 0
Erika_2000000_9000_5 2 3 0 0 0 7 0 0 0 0 0 0 0 0 7 0 0 2 10 8 0
Patricia_2000000_9000_5 0 2 0 0 0 0 0 0 0 0 0 0 0 0 0 0 0 0 0 0 0
Judith_2000000_9000_5 0 2 0 0 0 0 0 0 0 0 0 0 0 0 0 0 0 0 0 0 0
Sandra_2000000_9000_5 0 3 0 0 0 0 0 0 0 0 0 0 0 0 0 0 0 0 0 0 0
Napoleon_2000000_9000_5 1 2 0 0 0 0 0 0 0 0 0 0 0 8 3 0 2 0 0 0 1
Dolores_2000000_9000_5 2 4 0 0 0 10 0 0 0 0 0 0 0 0 9 0 0 8 14 11 0
Eloisa_2000000_9000_5 1 4 7 0 0 0 0 0 0 5 0 0 0 7 4 0 0 0 0 0 16
Gerald_2000000_9000_5 0 3 0 2 3 0 0 0 0 4 0 0 7 3 0 0 0 0 0 0 0
Patrick_2000000_9000_5 1 2 0 0 0 0 0 5 0 8 5 0 5 2 0 5 0 0 0 0 0
Nicole_2000000_9000_5 1 4 7 0 0 0 0 0 0 5 0 0 0 4 0 0 0 0 0 0 9
Alvin_2000000_9000_5 0 3 0 0 0 0 0 0 0 0 0 0 0 0 0 0 0 0 0 0 0
Travis_2000000_9000_5 2 2 0 0 0 0 0 0 0 0 0 0 0 0 0 0 0 0 0 0 0
Tommy_2000000_9000_5 0 4 0 0 0 0 0 0 0 0 0 0 0 0 0 0 0 0 0 0 0
Timothy_2000000_9000_5 1 2 0 0 0 0 0 0 0 3 10 0 2 5 0 0 0 0 0 1 7
Paul_2000000_9000_5 2 3 7 0 0 14 7 0 0 0 0 0 0 0 7 0 0 2 10 8 0
Tonya_2000000_9000_5 1 2 0 0 0 0 0 0 0 5 0 5 0 0 0 0 0 0 0 0 0
Della_2000000_9000_5 1 2 0 0 0 0 0 0 0 8 10 0 12 0 0 0 0 0 0 0 0
Bobby_2000000_9000_5 1 3 0 0 0 0 0 0 0 4 0 0 0 3 0 0 0 0 0 0 4
Kevin_2000000_9000_5 2 2 0 0 0 5 5 0 0 0 0 0 0 0 0 0 0 4 2 0 0
Sara_2000000_9000_5 0 2 0 0 0 0 0 0 0 0 0 0 0 0 0 0 0 0 0 0 0
Brenda_2000000_9000_5 0 4 0 0 0 0 0 0 0 0 0 0 0 0 0 0 0 0 0 0 0
Edith_2000000_9000_5 0 2 0 0 0 0 0 0 0 0 0 0 0 0 0 0 0 0 0 0 0
Jonathan_2000000_9000_5 0 4 0 0 0 0 0 0 0 0 0 0 0 0 0 0 0 0 0 0 0
Cole_2000000_9000_5 1 2 0 0 0 0 0 0 0 0 0 0 0 3 0 0 2 0 0 1 7
Howard_2000000_9000_5 2 5 10 0 0 0 0 0 0 0 0 0 6 0 0 0 0 2 12 4 0
Rudolf_2000000_9000_5 2 3 0 0 0 7 7 0 0 0 0 0 0 10 0 0 0 0 0 0 0
Vincent_2000000_9000_5 1 4 0 0 0 0 0 10 0 5 0 0 0 4 0 10 0 0 0 0 0
Elda_2000000_9000_5 1 3 0 0 0 0 0 0 0 5 0 0 0 4 0 0 0 0 0 0 3
Shawn_2000000_9000_5 0 3 0 0 0 0 0 0 0 0 0 0 0 0 0 0 0 0 0 0 0
Jeff_2000000_9000_5 2 4 3 0 0 0 0 0 0 0 0 0 0 0 0 0 0 2 10 3 0
Katie_2000000_9000_5 2 3 7 0 0 7 0 0 0 0 0 0 0 0 7 0 0 2 10 8 0
Janice_2000000_9000_5 1 2 0 0 0 0 0 0 0 3 0 0 2 0 0 0 0 0 0 0 0
Joseph_2000000_9000_5 0 3 0 0 0 0 0 0 0 0 0 0 0 0 0 0 0 0 0 0 0
Debra_2000000_9000_5 1 2 0 0 0 0 0 0 0 3 0 0 0 2 0 0 0 0 0 0 5
Rachel_2000000_9000_5 0 2 0 0 0 0 0 0 0 0 0 0 0 0 0 0 0 0 0 0 0
Lorraine_2000000_9000_5 0 2 0 0 0 0 0 0 0 0 0 0 0 0 0 0 0 0 0 0 0
Janet_2000000_9000_5 0 4 0 0 0 0 0 0 0 0 0 0 0 0 0 0 0 0 0 0 0
Charles_2000000_9000_5 0 2 0 0 0 0 0 0 0 0 0 0 0 0 0 0 0 0 0 0 0
Michael_2000000_9000_5 1 2 0 0 0 0 0 0 0 3 0 0 0 2 0 0 0 0 0 0 0
Constance_2000000_9000_5 2 6 4 0 0 0 0 0 0 0 0 0 7 0 0 0 0 5 14 4 0
Selma_2000000_9000_5 1 3 0 0 0 0 0 0 5 21 20 4 14 21 0 0 0 0 0 0 4
Genevieve_2000000_9000_5 0 3 0 0 0 0 0 0 0 0 0 0 0 0 0 0 0 0 0 0 0
Helen_2000000_9000_5 0 4 0 0 0 0 0 0 0 0 0 0 0 0 0 0 0 0 0 0 0
Brian_2000000_9000_5 1 3 0 0 0 0 0 0 0 4 0 0 0 3 0 0 0 0 0 0 0
Gloria_2000000_9000_5 0 3 0 0 0 0 0 0 0 0 0 0 0 0 0 0 0 0 0 0 0
John_2000000_9000_5 0 2 0 0 0 0 0 0 0 0 0 0 0 0 0 0 0 0 0 0 0
Keith_2000000_9000_5 0 4 0 0 0 0 0 0 0 0 0 0 0 0 0 0 0 0 0 0 0
Gustavo_2000000_9000_5 0 2 0 0 0 0 0 0 0 0 0 0 0 0 0 0 0 0 0 0 0
Joshua_2000000_9000_5 1 2 0 0 0 0 0 0 0 3 0 0 0 2 0 0 0 0 0 0 5
Lynnette_2000000_9000_5 1 4 14 10 11 14 17 18 14 5 0 0 0 4 10 11 14 28 0 0 10
Agnes_2000000_9000_5 2 3 12 0 0 7 7 0 0 0 0 0 0 7 7 0 0 5 10 8 4
Eleanor_2000000_9000_5 0 3 0 0 0 0 0 0 0 0 0 0 0 0 0 0 0 0 0 0 0
Rhonda_2000000_9000_5 2 5 4 0 0 0 0 0 0 0 0 0 7 0 0 0 0 3 14 4 0
Linda_2000000_9000_5 0 2 0 0 0 0 0 0 0 0 0 0 0 0 0 0 0 0 0 0 0
Felix_2000000_9000_5 1 2 0 0 0 0 0 0 0 8 10 0 2 0 0 0 0 0 0 1 7
Louis_2000000_9000_5 0 3 5 0 0 0 0 0 0 0 0 0 0 0 0 0 0 0 0 0 0
Owen_2000000_9000_5 1 3 11 7 7 7 3 11 7 5 0 28 16 10 4 7 7 7 0 0 16
Nancy_2000000_9000_5 1 3 4 0 0 0 0 0 0 11 11 6 5 4 0 0 0 0 0 0 3
Aileen_2000000_9000_5 1 2 0 0 0 0 0 0 0 3 0 0 0 2 0 0 0 0 0 1 7
Rene_2000000_9000_5 0 2 0 0 0 0 0 0 0 0 0 0 0 0 0 0 0 0 0 0 0
Norman_2000000_9000_5 1 4 7 0 0 0 0 0 0 5 0 0 0 7 4 0 0 0 0 0 0
Joanna_2000000_9000_5 2 3 2 0 0 0 0 0 0 0 0 0 3 0 0 0 0 1 6 2 0
Cynthia_2000000_9000_5 1 4 0 0 7 0 0 0 0 5 0 0 0 4 0 0 0 0 0 0 0
Amy_2000000_9000_5 2 2 5 0 0 0 0 0 0 0 0 0 0 0 0 0 0 1 2 0 0
Marie_2000000_9000_5 0 3 0 0 0 0 0 0 0 0 0 0 0 0 0 0 0 0 0 0 0
Lori_2000000_9000_5 2 4 0 0 0 0 0 0 0 0 0 0 0 0 0 0 0 3 14 11 0
Ivan_2000000_9000_5 0 3 0 0 0 0 0 0 0 0 0 0 0 0 0 0 0 0 0 0 0
Chester_2000000_9000_5 2 5 4 0 0 0 0 0 0 0 0 0 7 0 0 0 0 3 14 4 0
Susan_2000000_9000_5 2 4 7 0 0 9 0 0 0 0 0 0 0 10 13 0 0 2 12 10 3
Terry_2000000_9000_5 2 5 4 0 0 0 0 0 0 0 0 0 7 0 0 0 0 3 14 4 0
Tamara_2000000_9000_5 0 2 0 0 0 0 0 0 0 0 0 0 0 0 0 0 0 0 0 0 0
Rose_2000000_9000_5 0 1 5 0 0 0 0 0 0 0 0 0 1 3 2 0 0 0 0 0 4
Cecil_2000000_9000_5 2 2 17 0 0 7 0 0 0 0 0 0 2 10 10 0 0 2 10 8 7
Leticia_2000000_9000_5 1 3 5 0 0 0 0 0 0 0 0 0 0 6 0 0 3 0 0 0 2
Phuong_2000000_9000_5 0 2 0 0 0 0 0 0 0 0 0 0 0 0 0 0 0 0 0 0 0
Sharon_2000000_9000_5 0 4 0 0 0 0 0 0 0 0 0 0 0 0 0 0 0 0 0 0 0
Rochelle_2000000_9000_5 0 3 0 0 0 0 0 0 0 0 0 0 0 0 0 0 0 0 0 0 0
Millard_2000000_9000_5 0 2 0 0 0 0 0 0 0 0 0 0 0 0 0 0 0 0 0 0 0
Michelle_2000000_9000_5 0 2 0 0 0 0 0 0 0 0 0 0 0 0 0 0 0 0 0 0 0
Stacey_2000000_9000_5 1 2 0 0 0 0 0 0 0 3 2 3 2 15 0 0 0 0 0 1 3
Jewell_2000000_9000_5 2 2 5 0 0 5 0 0 0 0 0 0 0 0 0 0 0 1 6 5 0
Patria_2000000_9000_5 1 2 0 0 0 0 0 0 0 3 0 0 0 2 0 0 0 0 3 0 5
Carolyn_2000000_9000_5 1 2 0 0 0 0 0 0 0 3 0 0 0 2 0 0 0 0 0 1 7
Wade_2000000_9000_5 2 3 0 0 0 0 0 0 0 0 0 0 0 0 0 0 0 0 0 0 0
Rita_2000000_9000_5 1 2 0 0 0 0 0 0 0 3 0 0 0 2 0 0 0 0 0 1 7
Frank_2000000_9000_5 0 2 0 0 0 0 0 0 0 0 0 0 0 0 0 0 0 0 0 0 0
Betty_2000000_9000_5 0 3 0 0 0 0 0 0 0 0 0 0 0 0 0 0 0 0 0 0 0
Tina_2000000_9000_5 1 4 0 0 0 0 0 0 0 5 0 0 0 4 0 0 0 0 0 0 3
Donald_2000000_9000_5 1 4 0 0 0 0 0 0 0 5 0 0 0 4 0 0 0 0 0 0 5
Melissa_2000000_9000_5 2 2 5 0 0 10 5 0 0 0 0 0 0 0 5 0 0 1 6 5 0
Christy_2000000_9000_5 1 3 0 0 0 0 0 0 0 4 0 0 0 3 0 0 0 0 0 0 4
Douglas_2000000_9000_5 1 4 7 0 0 7 0 0 13 5 0 6 5 4 0 0 0 0 0 0 10
Natasha_2000000_9000_5 1 2 0 0 0 0 0 0 0 3 0 0 0 2 0 0 0 0 0 0 0
Debby_2000000_9000_5 1 2 0 0 0 0 0 0 0 3 0 0 2 0 0 0 0 0 0 0 5
Walter_2000000_9000_5 2 4 0 0 0 10 9 0 0 0 0 0 0 0 0 0 0 7 14 11 0
Grace_2000000_9000_5 0 2 0 0 0 0 0 0 0 0 0 0 0 0 0 0 0 0 0 0 0
Scott_2000000_9000_5 0 3 0 0 0 0 0 0 0 0 0 0 0 0 0 0 0 0 0 0 0
Francine_2000000_9000_5 0 2 0 0 0 0 0 0 0 0 0 0 0 0 0 0 0 0 0 0 0
Camille_2000000_9000_5 0 3 5 0 0 0 0 0 0 0 0 0 0 10 0 0 0 0 0 0 2
Lauren_2000000_9000_5 2 5 11 0 0 0 0 0 0 0 0 0 6 17 4 0 0 2 12 9 0
Brett_2000000_9000_5 2 3 2 0 0 0 0 0 0 0 0 0 3 0 0 0 0 1 6 2 0
Jeffrey_2000000_9000_5 0 2 0 0 0 0 0 0 0 0 0 0 0 0 0 0 0 0 0 0 0
Rafael_2000000_9000_5 1 3 5 0 0 0 0 0 0 5 13 5 4 3 0 0 0 0 0 0 2
Carlos_2000000_9000_5 0 2 0 0 0 0 0 0 0 0 0 0 0 0 0 0 0 0 0 0 0
Edmundo_2000000_9000_5 0 2 0 0 0 0 0 0 0 0 0 0 0 0 0 0 0 0 0 0 0
Irmgard_2000000_9000_5 1 4 0 0 0 0 0 0 0 5 0 0 0 4 0 0 0 0 0 0 5
Sherri_2000000_9000_5 2 2 8 0 0 7 0 0 0 0 0 0 2 5 10 0 0 2 10 8 7
Jennifer_2000000_9000_5 1 3 11 0 7 0 0 0 10 5 0 17 9 37 4 10 4 0 7 0 23
Raye_2000000_9000_5 1 2 0 0 0 0 0 0 0 3 0 0 0 7 0 0 0 0 0 0 5
Darren_2000000_9000_5 2 4 0 0 0 0 9 0 0 0 0 0 0 0 0 0 0 3 7 4 0
Justin_2000000_9000_5 1 4 0 0 0 0 0 0 0 5 0 0 0 4 0 0 0 0 0 2 13
Donn_2000000_9000_5 0 2 0 0 0 0 0 0 0 0 0 0 0 0 0 0 0 0 0 0 0
Dale_2000000_9000_5 1 2 0 0 0 0 0 0 0 5 3 0 2 0 0 0 0 0 0 1 2
Anita_2000000_9000_5 1 2 0 0 0 0 0 0 0 8 5 0 5 2 0 0 0 0 0 0 5
Marjorie_2000000_9000_5 0 2 0 0 0 0 0 0 0 0 0 0 0 0 0 0 0 0 0 0 0
Myron_2000000_9000_5 2 3 0 0 0 7 0 0 0 0 0 0 0 0 7 0 0 2 10 8 0
Bonita_2000000_9000_5 2 2 0 0 0 10 5 0 0 0 0 0 0 0 0 0 0 1 6 5 0
Barb_2000000_9000_5 1 3 0 0 0 0 0 0 0 0 0 0 0 0 0 0 0 0 0 0 0
Joy_2000000_9000_5 0 3 0 0 0 0 0 0 0 0 0 0 0 0 0 0 0 0 0 0 0
Edgar_2000000_9000_5 1 5 16 10 14 7 7 0 4 16 32 18 37 34 18 16 7 10 11 14 9
Elaine_2000000_9000_5 0 2 0 0 0 0 0 0 0 0 0 0 0 0 0 0 0 0 0 0 0
Marcia_2000000_9000_5 1 2 0 0 0 0 0 0 0 8 5 0 7 0 0 0 0 0 0 0 0
Sam_2000000_9000_5 0 4 0 0 0 0 0 0 0 0 0 0 0 0 0 0 0 0 0 0 0
Lydia_2000000_9000_5 0 2 0 0 0 0 0 0 0 0 0 0 0 0 0 0 0 0 0 0 0
Bertie_2000000_9000_5 1 2 0 0 0 0 0 0 0 4 0 0 0 24 3 10 5 5 0 0 12
Steven_2000000_9000_5 1 2 0 0 0 0 3 0 0 3 5 0 0 7 0 0 0 0 0 0 0
Martha_2000000_9000_5 1 3 0 0 0 0 0 0 0 0 0 0 0 0 0 0 0 0 0 0 0
Jamie_2000000_9000_5 1 3 0 0 0 0 0 0 0 4 0 0 0 3 0 0 0 0 0 0 2
Latashia_2000000_9000_5 1 2 0 0 0 0 0 0 0 0 0 0 0 0 0 0 0 0 0 0 0
Ahmad_2000000_9000_5 1 4 7 0 0 0 0 0 0 5 0 0 0 7 4 0 0 0 0 0 9
David_2000000_9000_5 2 3 0 0 0 7 0 0 0 0 0 0 0 5 7 0 0 2 10 8 0
Brant_2000000_9000_5 0 2 0 0 0 0 0 0 0 0 0 0 0 0 0 0 0 0 0 0 0
Jan_2000000_9000_5 1 2 0 0 0 0 0 0 0 8 5 0 0 2 0 0 0 0 0 0 5
Kimberly_2000000_9000_5 0 4 0 0 0 0 0 0 0 0 0 0 0 0 0 0 0 0 0 0 0
Lucy_2000000_9000_5 1 4 0 0 0 7 3 4 7 5 0 0 0 4 0 0 7 0 0 0 9
Barbara_2000000_9000_5 0 4 0 0 0 0 0 0 0 0 0 0 0 0 0 0 0 0 0 0 0
Kelly_2000000_9000_5 0 4 0 0 0 0 0 0 0 0 0 0 3 0 4 0 0 0 0 0 0
Richard_2000000_9000_5 0 2 0 0 0 0 0 0 0 0 0 0 0 0 0 0 0 0 0 0 0
Kathleen_2000000_9000_5 2 5 10 0 0 0 0 0 0 0 0 0 7 0 0 0 0 5 14 4 0
Christopher_2000000_9000_5 0 3 0 0 0 0 0 0 0 0 0 0 0 0 0 0 0 0 0 0 0
William_2000000_9000_5 0 4 7 0 0 0 0 0 0 0 0 0 0 0 0 0 0 0 0 0 0
George_2000000_9000_5 0 2 0 0 0 0 0 0 0 0 0 0 0 0 0 0 0 0 0 0 0
Robert_2000000_9000_5 0 2 0 0 0 0 0 0 0 0 0 0 0 0 0 0 0 0 0 0 0
James_2000000_9000_5 0 3 0 0 0 0 0 0 0 0 0 0 0 0 0 0 0 0 0 0 0
Bruce_2000000_9000_5 0 2 0 0 0 0 0 0 0 0 0 0 0 0 0 0 0 0 0 0 0
Emily_2000000_9000_5 2 5 4 0 0 0 0 0 0 0 0 0 7 0 0 0 0 3 14 4 0
Peggy_2000000_9000_5 1 2 0 0 0 0 0 0 0 3 0 0 2 15 0 0 0 0 0 0 5
Max_2000000_9000_5 1 2 0 0 0 0 0 0 0 3 0 0 0 2 0 0 0 0 0 0 5
Marion_2000000_9000_5 2 3 7 0 0 7 0 0 0 0 0 0 0 0 7 0 0 2 10 8 0
Gretta_2000000_9000_5 2 2 0 0 0 0 0 0 0 0 0 0 0 0 0 0 0 0 0 0 0
Elizabeth_2000000_9000_5 0 2 0 0 0 0 0 0 0 0 0 0 0 0 0 0 0 0 0 0 0
Carmen_2000000_9000_5 2 6 4 0 0 0 0 0 0 0 0 0 6 0 0 0 0 2 12 4 0
Heather_2000000_9000_5 1 2 0 0 0 0 0 3 0 3 0 0 0 2 0 0 0 0 0 0 0
Angela_2000000_9000_5 0 2 0 0 0 0 0 0 0 0 0 0 0 0 0 0 0 0 0 0 0
Brandon_2000000_9000_5 1 2 0 0 0 0 0 0 0 3 5 0 2 5 0 0 0 0 0 0 5
Norene_2000000_9000_5 0 4 0 0 0 0 0 0 0 0 0 0 0 0 0 0 0 0 0 0 0
Willie_2000000_9000_5 2 5 4 0 0 0 0 0 0 0 0 0 7 0 0 0 0 3 14 4 0
Frances_2000000_9000_5 2 6 4 0 0 0 0 0 0 0 0 0 6 0 0 0 0 2 12 4 0
Garry_2000000_9000_5 0 2 0 0 0 0 0 0 0 0 0 0 0 0 0 0 0 0 0 0 0
Leslie_2000000_9000_5 1 2 0 0 0 0 0 0 0 8 10 0 2 10 0 0 0 0 0 0 5
Mark_2000000_9000_5 0 2 0 0 0 0 0 0 0 0 0 0 0 0 0 0 0 0 0 0 0
Margaret_2000000_9000_5 2 4 3 0 0 0 0 0 0 0 0 0 5 0 0 0 0 2 10 3 0
Thomas_2000000_9000_10 0 2 0 0 0 0 0 0 0 0 0 0 0 0 0 0 0 0 0 0 0
Jessica_2000000_9000_10 2 6 4 0 0 0 0 0 0 0 0 0 7 6 0 0 0 5 12 9 0
Laverne_2000000_9000_10 0 3 0 0 0 0 0 0 0 0 0 0 0 0 0 0 0 0 0 0 0
Irene_2000000_9000_10 1 2 0 0 0 0 0 0 0 17 15 3 7 0 0 0 0 0 0 0 0
Annette_2000000_9000_10 1 2 0 0 0 0 0 0 0 8 7 3 12 0 0 0 0 0 0 0 0
Dorothy_2000000_9000_10 0 2 0 0 0 0 0 0 0 0 0 0 0 0 0 0 0 0 0 0 0
Raymond_2000000_9000_10 1 2 0 0 0 0 0 0 0 3 0 0 2 0 0 0 0 0 0 0 5
Anthony_2000000_9000_10 1 2 0 0 0 0 0 0 0 3 17 3 7 0 0 0 0 0 0 1 2
Nelson_2000000_9000_10 2 5 4 0 0 0 0 0 0 0 0 0 7 0 0 0 0 8 14 4 0
Eric_2000000_9000_10 1 4 0 7 7 7 3 18 7 14 9 0 9 4 3 11 14 7 0 0 0
Erika_2000000_9000_10 2 3 0 0 0 7 0 0 0 0 0 0 0 0 7 0 0 2 10 8 0
Patricia_2000000_9000_10 0 3 0 0 0 0 0 0 0 0 0 0 0 0 0 0 0 0 0 0 0
Judith_2000000_9000_10 0 4 0 0 0 0 0 0 0 0 0 0 0 0 0 0 0 0 0 0 0
Sandra_2000000_9000_10 0 2 0 0 0 0 0 0 0 0 0 0 0 0 0 0 0 0 0 0 0
Napoleon_2000000_9000_10 1 2 0 0 0 0 0 0 0 0 0 0 0 8 3 0 2 0 0 0 1
Dolores_2000000_9000_10 2 4 0 0 0 10 0 0 0 0 0 0 0 0 9 0 0 8 14 11 0
Eloisa_2000000_9000_10 1 4 7 0 0 0 0 0 0 5 0 0 0 7 4 0 0 0 0 0 16
Gerald_2000000_9000_10 0 2 0 0 0 0 0 0 0 8 5 7 3 2 0 0 0 0 0 0 0
Patrick_2000000_9000_10 1 2 0 0 0 0 0 5 0 8 5 0 5 2 0 5 0 0 0 0 0
Nicole_2000000_9000_10 1 2 0 0 0 0 0 0 0 10 10 8 7 0 0 0 0 0 0 0 0
Alvin_2000000_9000_10 0 2 0 0 0 0 0 0 0 0 0 0 0 0 0 0 0 0 0 0 0
Travis_2000000_9000_10 2 2 0 0 0 0 0 0 0 0 0 0 0 0 0 0 0 0 0 0 0
Tommy_2000000_9000_10 0 4 0 0 0 0 0 0 0 0 0 0 0 0 0 0 0 0 0 0 0
Timothy_2000000_9000_10 1 2 0 0 0 0 0 0 0 3 10 0 2 5 0 0 0 0 0 1 7
Paul_2000000_9000_10 2 3 7 0 0 7 7 0 0 0 0 0 0 0 7 0 0 2 10 8 0
Tonya_2000000_9000_10 1 2 0 0 0 0 0 0 0 5 0 5 0 0 0 0 0 0 0 0 0
Della_2000000_9000_10 1 2 0 0 0 0 0 0 0 8 10 0 12 0 0 0 0 0 0 0 0
Bobby_2000000_9000_10 1 3 0 0 0 0 0 0 0 4 0 0 0 3 0 0 0 0 0 0 4
Kevin_2000000_9000_10 2 2 0 0 0 5 5 0 0 0 0 0 0 0 0 0 0 4 2 0 0
Sara_2000000_9000_10 0 4 0 0 0 0 0 0 0 0 0 0 0 0 0 0 0 0 0 0 0
Brenda_2000000_9000_10 0 3 0 0 0 0 0 0 0 0 0 0 0 0 0 0 0 0 0 0 0
Edith_2000000_9000_10 0 4 0 0 0 0 0 0 0 0 0 0 0 0 0 0 0 0 0 0 0
Jonathan_2000000_9000_10 0 2 0 0 0 0 0 0 0 0 0 0 0 0 0 0 0 0 0 0 0
Cole_2000000_9000_10 1 3 0 0 0 0 0 0 0 0 0 0 0 4 0 0 3 0 0 2 7
Howard_2000000_9000_10 2 4 3 0 0 0 0 0 0 0 0 0 5 0 0 0 0 2 10 3 0
Rudolf_2000000_9000_10 2 3 0 0 0 7 7 0 0 0 0 0 0 5 0 0 0 0 0 0 0
Vincent_2000000_9000_10 1 4 0 0 0 0 0 10 0 5 0 0 0 4 0 10 0 0 0 0 0
Elda_2000000_9000_10 1 3 0 0 0 0 0 0 0 5 0 0 0 4 0 0 0 0 0 0 3
Shawn_2000000_9000_10 0 2 0 0 0 0 0 0 0 0 0 0 0 0 0 0 0 0 0 0 0
Jeff_2000000_9000_10 2 4 3 0 0 0 0 0 0 0 0 0 0 0 0 0 0 2 10 3 0
Katie_2000000_9000_10 2 3 7 0 0 7 0 0 0 0 0 0 0 0 7 0 0 2 10 8 0
Janice_2000000_9000_10 1 3 5 0 0 0 0 0 0 4 0 0 0 5 3 0 0 0 0 0 0
Joseph_2000000_9000_10 0 2 0 0 0 0 0 0 0 0 0 0 0 0 0 0 0 0 0 0 0
Debra_2000000_9000_10 1 4 7 0 0 0 0 0 0 5 0 0 0 7 4 0 0 0 0 0 12
Rachel_2000000_9000_10 0 4 0 0 0 0 0 0 0 0 0 0 0 0 0 0 0 0 0 0 0
Lorraine_2000000_9000_10 0 4 7 0 0 0 0 0 0 0 0 0 3 0 4 0 0 0 0 0 0
Janet_2000000_9000_10 0 4 0 0 0 0 0 0 0 0 0 0 0 0 0 0 0 0 0 0 0
Charles_2000000_9000_10 0 4 0 0 0 0 0 0 0 0 0 0 0 0 0 0 0 0 0 0 0
Michael_2000000_9000_10 1 2 0 0 0 0 0 0 0 3 0 0 0 2 0 0 0 0 0 0 0
Constance_2000000_9000_10 2 6 4 0 0 0 0 0 0 0 0 0 7 0 0 0 0 5 14 4 0
Selma_2000000_9000_10 1 3 0 0 0 0 0 0 5 21 20 4 14 21 0 0 0 0 0 0 4
Genevieve_2000000_9000_10 0 4 0 0 0 0 0 0 0 0 0 0 0 0 0 0 0 0 0 0 0
Helen_2000000_9000_10 0 4 0 0 0 0 0 0 0 0 0 0 0 0 0 0 0 0 0 0 0
Brian_2000000_9000_10 1 2 0 0 0 0 0 0 0 5 0 0 0 0 0 0 0 0 0 0 0
Gloria_2000000_9000_10 0 4 0 0 0 0 0 0 0 0 0 0 0 0 0 0 0 0 0 0 0
John_2000000_9000_10 0 3 0 0 0 0 0 0 0 0 0 0 0 0 0 0 0 0 0 0 0
Keith_2000000_9000_10 0 2 0 0 0 0 0 0 0 0 0 0 0 0 0 0 0 0 0 0 0
Gustavo_2000000_9000_10 0 4 0 0 0 0 0 0 0 0 0 0 0 0 0 0 0 0 0 0 0
Joshua_2000000_9000_10 1 2 0 0 0 0 0 0 0 3 0 0 0 2 0 0 0 0 0 0 5
Lynnette_2000000_9000_10 1 4 14 10 11 7 17 18 14 5 0 0 0 4 10 11 14 28 0 0 10
Agnes_2000000_9000_10 2 3 12 0 0 7 7 0 0 0 0 0 0 7 7 0 0 5 10 8 4
Eleanor_2000000_9000_10 0 2 0 0 0 0 0 0 0 0 0 0 0 0 0 0 0 0 0 0 0
Rhonda_2000000_9000_10 2 5 4 0 0 0 0 0 0 0 0 0 7 0 0 0 0 8 14 4 0
Linda_2000000_9000_10 0 2 0 0 0 0 0 0 0 0 0 0 0 0 0 0 0 0 0 0 0
Felix_2000000_9000_10 1 2 0 0 0 0 0 0 0 8 10 0 2 0 0 0 0 0 0 1 7
Louis_2000000_9000_10 0 4 0 0 0 0 0 0 0 0 0 0 0 3 4 0 0 0 0 0 0
Owen_2000000_9000_10 1 3 11 0 7 7 3 11 7 5 0 28 16 10 4 7 7 7 0 0 16
Nancy_2000000_9000_10 1 2 0 0 0 0 0 0 0 3 0 0 0 7 0 0 0 0 0 0 0
Aileen_2000000_9000_10 1 4 0 0 0 0 0 0 0 5 0 0 0 4 0 0 0 0 0 2 13
Rene_2000000_9000_10 0 4 0 0 0 0 0 0 0 0 0 0 0 0 0 0 0 0 0 0 0
Norman_2000000_9000_10 1 4 7 0 0 0 0 0 0 5 0 0 0 7 4 0 0 0 0 0 0
Joanna_2000000_9000_10 2 6 4 0 0 0 0 0 0 0 0 0 6 0 0 0 0 2 12 4 0
Cynthia_2000000_9000_10 1 4 0 0 7 0 0 0 0 5 0 0 0 4 0 0 0 0 0 0 0
Amy_2000000_9000_10 2 4 10 0 0 0 0 0 0 0 0 0 0 0 0 0 0 3 14 11 0
Marie_2000000_9000_10 0 2 0 0 0 0 0 0 0 0 0 0 0 0 0 0 0 0 0 0 0
Lori_2000000_9000_10 2 4 0 0 0 0 0 0 0 0 0 0 0 0 0 0 0 3 14 11 0
Ivan_2000000_9000_10 0 2 0 0 0 0 0 0 0 0 0 0 0 0 0 0 0 0 0 0 0
Chester_2000000_9000_10 2 5 4 0 0 0 0 0 0 0 0 0 0 0 0 0 0 3 14 4 0
Susan_2000000_9000_10 2 4 7 0 0 9 0 0 0 0 0 0 0 10 13 0 0 2 12 10 3
Terry_2000000_9000_10 2 5 4 0 0 0 0 0 0 0 0 0 7 0 0 0 0 3 14 4 0
Tamara_2000000_9000_10 0 4 0 0 0 0 0 0 0 0 0 0 0 0 0 0 0 0 0 0 0
Rose_2000000_9000_10 0 1 5 0 0 0 0 0 0 0 0 0 1 3 2 0 0 0 0 0 4
Cecil_2000000_9000_10 2 2 15 0 0 7 0 0 0 0 0 0 2 5 10 0 0 2 10 8 7
Leticia_2000000_9000_10 1 3 5 0 0 0 0 0 0 0 0 0 0 6 0 0 3 0 0 0 2
Phuong_2000000_9000_10 0 4 0 0 0 0 0 0 0 0 0 0 0 0 0 0 0 0 0 0 0
Sharon_2000000_9000_10 0 3 0 0 0 0 0 0 0 0 0 0 0 0 0 0 0 0 0 0 0
Rochelle_2000000_9000_10 0 2 0 0 0 0 0 0 0 0 0 0 0 0 0 0 0 0 0 0 0
Millard_2000000_9000_10 0 2 0 0 0 0 0 0 0 0 0 0 0 0 0 0 0 0 0 0 0
Michelle_2000000_9000_10 0 4 0 0 0 0 0 0 0 0 0 0 0 0 0 0 0 0 0 0 0
Stacey_2000000_9000_10 1 2 0 0 0 0 0 0 0 3 2 3 2 15 0 0 0 0 0 1 3
Jewell_2000000_9000_10 2 2 5 0 0 5 0 0 0 0 0 0 0 0 0 0 0 1 6 5 0
Patria_2000000_9000_10 1 4 0 0 0 0 0 0 0 16 0 0 0 4 0 0 0 0 6 0 5
Carolyn_2000000_9000_10 1 3 4 0 0 0 0 0 0 5 0 0 0 4 0 0 0 0 0 2 20
Wade_2000000_9000_10 2 2 0 0 0 0 0 0 0 0 0 0 0 0 0 0 0 0 0 0 0
Rita_2000000_9000_10 1 2 0 0 0 0 0 0 0 3 0 0 0 2 0 0 0 0 0 1 7
Frank_2000000_9000_10 0 2 0 0 0 0 0 0 0 0 0 0 0 0 0 0 0 0 0 0 0
Betty_2000000_9000_10 0 2 0 0 0 0 0 0 0 0 0 0 0 0 0 0 0 0 0 0 0
Tina_2000000_9000_10 1 4 0 0 0 0 0 0 0 5 0 0 0 4 0 0 0 0 0 0 3
Donald_2000000_9000_10 1 4 0 0 0 0 0 0 0 5 0 0 0 4 0 0 0 0 0 0 9
Melissa_2000000_9000_10 2 2 5 0 0 10 5 0 0 0 0 0 0 0 5 0 0 1 6 5 0
Christy_2000000_9000_10 1 2 0 0 0 0 0 0 0 3 0 0 0 2 0 0 0 0 0 0 5
Douglas_2000000_9000_10 1 4 7 0 0 7 0 0 13 5 0 6 5 4 0 0 0 0 0 0 10
Natasha_2000000_9000_10 1 2 0 0 0 0 0 0 0 3 0 0 0 2 0 0 0 0 0 0 0
Debby_2000000_9000_10 1 2 0 0 0 0 0 0 0 3 7 3 2 0 0 0 0 0 0 0 0
Walter_2000000_9000_10 2 3 7 0 0 14 7 0 0 0 0 0 0 0 7 0 0 2 10 8 0
Grace_2000000_9000_10 0 4 0 0 0 0 0 0 0 0 0 0 0 0 0 0 0 0 0 0 0
Scott_2000000_9000_10 0 2 0 0 0 0 0 0 0 0 0 0 0 0 0 0 0 0 0 0 0
Francine_2000000_9000_10 0 4 0 0 0 0 0 0 0 0 0 0 0 0 0 0 0 0 0 0 0
Camille_2000000_9000_10 0 3 5 0 0 0 0 0 0 0 0 0 0 10 0 0 0 0 0 0 2
Lauren_2000000_9000_10 2 5 11 0 0 0 0 0 0 0 0 0 7 7 0 0 0 2 13 6 0
Brett_2000000_9000_10 2 5 4 0 0 0 0 0 0 0 0 0 7 0 0 0 0 8 14 4 0
Jeffrey_2000000_9000_10 0 4 0 0 0 0 0 0 0 0 0 0 0 0 0 0 0 0 0 0 0
Rafael_2000000_9000_10 1 2 0 3 0 0 0 0 0 4 0 0 0 12 3 0 0 0 0 0 7
Carlos_2000000_9000_10 0 2 0 0 0 0 0 0 0 0 0 0 0 0 0 0 0 0 0 0 0
Edmundo_2000000_9000_10 0 4 0 0 0 0 0 0 0 0 0 0 0 0 0 0 0 0 0 0 0
Irmgard_2000000_9000_10 1 4 0 0 0 0 0 0 0 5 0 0 0 4 0 0 0 0 0 0 5
Sherri_2000000_9000_10 2 2 8 0 0 7 0 0 0 0 0 0 2 5 10 0 0 2 10 8 7
Jennifer_2000000_9000_10 1 3 11 0 7 0 0 0 10 5 0 17 9 37 4 10 4 0 7 0 23
Raye_2000000_9000_10 1 2 0 0 0 0 0 0 0 3 0 0 0 2 0 0 0 0 0 0 5
Darren_2000000_9000_10 2 3 0 0 0 7 7 0 0 0 0 0 0 0 0 0 0 5 0 0 0
Justin_2000000_9000_10 1 2 0 0 0 0 0 0 0 3 0 0 0 2 0 0 0 0 0 1 7
Donn_2000000_9000_10 0 2 0 0 0 0 0 0 0 0 0 0 0 0 0 0 0 0 0 0 0
Dale_2000000_9000_10 1 2 0 0 0 0 0 0 0 3 5 0 2 0 0 0 0 0 0 1 2
Anita_2000000_9000_10 1 2 0 0 0 0 0 0 0 8 5 0 5 2 0 0 0 0 0 0 5
Marjorie_2000000_9000_10 0 2 0 0 0 0 0 0 0 0 0 0 0 0 0 0 0 0 0 0 0
Myron_2000000_9000_10 2 3 0 0 0 7 0 0 0 0 0 0 0 0 7 0 0 2 10 8 0
Bonita_2000000_9000_10 2 2 0 0 0 10 5 0 0 0 0 0 0 0 0 0 0 1 6 5 0
Barb_2000000_9000_10 1 2 0 0 0 0 0 0 0 0 0 0 0 0 0 0 0 0 0 0 0
Joy_2000000_9000_10 0 2 0 0 0 0 0 0 0 0 0 0 0 0 0 0 0 0 0 0 0
Edgar_2000000_9000_10 1 4 9 10 14 7 7 0 4 16 32 18 37 34 18 16 7 10 11 14 9
Elaine_2000000_9000_10 0 2 0 0 0 0 0 0 0 0 0 0 0 0 0 0 0 0 0 0 0
Marcia_2000000_9000_10 1 2 0 0 0 0 0 0 0 8 5 0 7 0 0 0 0 0 0 0 0
Sam_2000000_9000_10 0 2 0 0 0 0 0 0 0 0 0 0 0 0 0 0 0 0 0 0 0
Lydia_2000000_9000_10 0 4 0 0 0 0 0 0 0 0 0 0 0 0 0 0 0 0 0 0 0
Bertie_2000000_9000_10 1 2 0 0 0 0 0 0 0 4 0 0 0 24 3 10 5 5 0 0 12
Steven_2000000_9000_10 1 2 0 0 0 0 3 0 0 3 5 0 0 7 0 0 0 0 0 0 0
Martha_2000000_9000_10 1 4 0 0 0 0 0 0 0 0 0 0 0 0 0 0 0 0 0 0 0
Jamie_2000000_9000_10 1 4 0 0 0 0 0 0 0 5 0 0 0 4 0 0 0 0 0 0 3
Latashia_2000000_9000_10 1 2 0 0 0 0 0 0 0 0 0 0 0 0 0 0 0 0 0 0 0
Ahmad_2000000_9000_10 1 4 7 0 0 0 0 0 0 5 0 0 0 7 4 0 0 0 0 0 0
David_2000000_9000_10 2 3 0 0 0 7 0 0 0 0 0 0 0 5 7 0 0 2 10 8 0
Brant_2000000_9000_10 0 4 0 0 0 0 0 0 0 0 0 0 0 0 0 0 0 0 0 0 0
Jan_2000000_9000_10 1 2 0 0 0 0 0 0 0 8 5 0 0 2 0 0 0 0 0 0 5
Kimberly_2000000_9000_10 0 3 0 0 0 0 0 0 0 0 0 0 0 0 0 0 0 0 0 0 0
Lucy_2000000_9000_10 1 4 0 0 0 0 3 4 7 5 0 0 0 4 0 0 0 0 0 0 9
Barbara_2000000_9000_10 0 3 0 0 0 0 0 0 0 0 0 0 0 0 0 0 0 0 0 0 0
Kelly_2000000_9000_10 0 2 0 0 0 0 0 0 0 0 0 0 0 0 0 0 0 0 0 0 0
Richard_2000000_9000_10 0 2 0 0 0 0 0 0 0 0 0 0 0 0 0 0 0 0 0 0 0
Kathleen_2000000_9000_10 2 5 10 0 0 0 0 0 0 0 0 0 7 0 0 0 0 5 14 4 0
Christopher_2000000_9000_10 0 2 0 0 0 0 0 0 0 0 0 0 0 0 0 0 0 0 0 0 0
William_2000000_9000_10 0 4 0 0 0 0 0 0 0 0 0 0 0 0 0 0 0 0 0 0 0
George_2000000_9000_10 0 3 0 0 0 0 0 0 0 0 0 0 0 0 0 0 0 0 0 0 0
Robert_2000000_9000_10 0 2 0 0 0 0 0 0 0 0 0 0 0 0 0 0 0 0 0 0 0
James_2000000_9000_10 0 2 0 0 0 0 0 0 0 0 0 0 0 0 0 0 0 0 0 0 0
Bruce_2000000_9000_10 0 2 0 0 0 0 0 0 0 0 0 0 0 0 0 0 0 0 0 0 0
Emily_2000000_9000_10 2 5 4 0 0 0 0 0 0 0 0 0 7 0 0 0 0 3 14 4 0
Peggy_2000000_9000_10 1 2 0 0 0 0 0 0 0 3 0 0 2 15 0 0 0 0 0 0 5
Max_2000000_9000_10 1 4 0 0 0 0 0 0 0 5 0 0 0 4 0 0 0 0 0 0 0
Marion_2000000_9000_10 2 3 7 0 0 7 0 0 0 0 0 0 0 0 7 0 0 2 10 8 0
Gretta_2000000_9000_10 2 2 0 0 0 0 0 0 0 0 0 0 0 0 0 0 0 0 0 0 0
Elizabeth_2000000_9000_10 0 3 0 0 0 0 0 0 0 0 0 0 0 0 0 0 0 0 0 0 0
Carmen_2000000_9000_10 2 3 2 0 0 0 0 0 0 0 0 0 3 0 0 0 0 1 6 2 0
Heather_2000000_9000_10 1 4 0 0 0 0 0 6 0 5 0 0 0 4 0 0 0 0 0 0 0
Angela_2000000_9000_10 0 3 0 0 0 0 0 0 0 0 0 0 0 0 0 0 0 0 0 0 0
Brandon_2000000_9000_10 1 2 0 0 0 0 0 0 0 3 5 0 2 5 0 0 0 0 0 0 5
Norene_2000000_9000_10 0 3 0 0 0 0 0 0 0 0 0 0 0 0 0 0 0 0 0 0 0
Willie_2000000_9000_10 2 5 4 0 0 0 0 0 0 0 0 0 7 0 0 0 0 3 14 4 0
Frances_2000000_9000_10 2 6 4 0 0 0 0 0 0 0 0 0 6 0 0 0 0 2 12 4 0
Garry_2000000_9000_10 0 4 0 0 0 0 0 0 0 0 0 0 0 0 0 0 0 0 0 0 0
Leslie_2000000_9000_10 1 2 0 0 0 0 0 0 0 3 10 0 2 10 0 0 0 0 0 0 5
Mark_2000000_9000_10 0 3 0 0 0 0 0 0 0 0 0 0 0 0 0 0 0 0 0 0 0
Margaret_2000000_9000_10 2 4 3 0 0 0 0 0 0 0 0 0 5 0 0 0 0 2 10 3 0
Thomas_1000000_9900_5 0 4 7 0 0 0 0 0 0 0 0 0 3 7 4 0 0 0 0 0 10
Jessica_1000000_9900_5 2 4 12 0 0 0 0 0 0 0 0 0 5 5 0 0 0 5 10 3 0
Laverne_1000000_9900_5 0 4 0 0 0 0 0 0 0 0 0 0 0 0 0 0 0 0 0 0 0
Irene_1000000_9900_5 1 3 0 0 0 0 0 0 0 36 0 0 0 3 0 0 0 0 0 0 2
Annette_1000000_9900_5 1 3 0 0 0 0 0 0 0 4 0 0 0 10 0 0 0 0 0 0 7
Dorothy_1000000_9900_5 0 2 0 0 0 0 0 0 0 0 0 0 0 0 0 0 0 0 0 0 0
Raymond_1000000_9900_5 1 3 0 0 0 0 0 0 0 4 0 0 0 3 0 0 0 0 0 0 6
Anthony_1000000_9900_5 1 3 5 4 10 0 0 0 0 27 9 23 7 16 3 0 7 14 0 2 9
Nelson_1000000_9900_5 2 6 9 0 0 0 0 0 0 0 0 0 7 0 0 0 0 7 14 4 0
Eric_1000000_9900_5 1 3 7 0 0 0 0 0 0 4 7 0 0 3 0 0 0 0 0 0 6
Erika_1000000_9900_5 2 2 8 0 0 5 0 0 0 0 0 0 0 0 5 0 0 1 6 5 0
Patricia_1000000_9900_5 0 2 0 0 0 0 0 0 0 0 0 0 0 0 0 0 0 0 0 0 0
Judith_1000000_9900_5 0 2 0 0 0 0 0 0 0 0 0 0 0 0 0 0 0 0 0 0 0
Sandra_1000000_9900_5 0 4 7 0 0 0 0 0 0 0 0 0 0 10 4 0 0 0 0 0 3
Napoleon_1000000_9900_5 1 2 0 0 0 0 0 0 0 0 0 0 0 22 5 0 2 0 0 0 1
Dolores_1000000_9900_5 2 3 13 0 0 7 0 0 0 0 0 0 0 0 7 0 0 5 10 8 0
Eloisa_1000000_9900_5 1 3 0 0 0 0 0 0 0 4 0 0 0 3 0 0 0 0 0 0 6
Gerald_1000000_9900_5 0 3 14 0 0 0 0 0 0 4 14 4 5 29 3 0 0 0 0 0 7
Patrick_1000000_9900_5 1 2 0 0 0 0 0 6 0 3 0 0 0 2 0 6 0 0 0 0 0
Nicole_1000000_9900_5 1 3 0 0 0 0 0 0 0 4 0 0 0 3 0 0 0 0 0 0 6
Alvin_1000000_9900_5 0 3 5 0 0 0 0 0 0 0 0 0 0 12 3 0 0 0 0 0 2
Travis_1000000_9900_5 2 2 0 0 0 10 5 0 0 0 0 0 0 0 0 0 0 9 0 0 0
Tommy_1000000_9900_5 0 4 0 0 0 0 0 0 0 0 0 0 0 0 0 0 0 0 0 0 0
Timothy_1000000_9900_5 1 3 0 0 0 0 0 0 0 4 0 32 13 3 0 0 0 0 0 2 9
Paul_1000000_9900_5 2 3 14 0 0 14 7 0 0 0 0 0 0 0 7 0 0 5 10 8 0
Tonya_1000000_9900_5 1 3 0 0 0 0 0 0 0 4 0 0 0 3 0 0 0 0 0 0 6
Della_1000000_9900_5 1 3 0 0 0 0 0 0 0 4 0 0 0 3 0 0 0 0 0 0 2
Bobby_1000000_9900_5 1 2 0 0 0 0 0 0 0 3 0 0 0 2 0 0 0 0 0 0 5
Kevin_1000000_9900_5 2 2 5 0 0 10 5 0 0 0 0 0 0 0 5 0 0 4 6 2 0
Sara_1000000_9900_5 0 2 0 0 0 0 0 0 0 0 0 0 0 0 0 0 0 0 0 0 0
Brenda_1000000_9900_5 0 4 0 0 0 0 0 0 0 0 0 0 0 0 0 0 0 0 0 0 0
Edith_1000000_9900_5 0 2 0 0 0 0 0 0 0 0 0 0 0 0 0 0 0 0 0 0 0
Jonathan_1000000_9900_5 0 4 0 0 0 0 0 0 0 0 0 0 0 0 0 0 0 0 0 0 0
Cole_1000000_9900_5 1 2 0 0 0 0 0 0 0 0 0 0 0 3 0 0 2 0 0 1 6
Howard_1000000_9900_5 2 4 3 0 0 0 0 0 0 0 0 0 5 0 0 0 0 5 10 3 0
Rudolf_1000000_9900_5 2 3 5 0 0 7 7 0 0 0 0 0 0 15 5 0 0 5 0 0 0
Vincent_1000000_9900_5 1 2 0 0 0 0 0 6 0 3 0 0 0 2 0 6 0 0 0 0 0
Elda_1000000_9900_5 1 2 0 0 0 0 0 0 0 3 0 0 0 2 0 0 0 0 0 0 0
Shawn_1000000_9900_5 0 3 10 0 0 0 0 0 0 0 0 0 0 7 3 0 0 0 0 0 2
Jeff_1000000_9900_5 2 5 4 0 0 0 0 0 0 0 0 0 7 0 0 0 0 8 14 4 0
Katie_1000000_9900_5 2 4 17 0 0 10 0 0 0 0 0 0 0 0 10 0 0 2 12 10 0
Janice_1000000_9900_5 1 2 0 0 0 0 0 0 0 3 0 0 0 7 0 0 0 0 0 0 1
Joseph_1000000_9900_5 0 3 0 0 0 0 0 0 0 0 0 0 0 0 0 0 0 0 0 0 0
Debra_1000000_9900_5 1 2 0 0 0 0 0 0 0 3 0 0 0 2 0 0 0 0 0 0 4
Rachel_1000000_9900_5 0 2 0 0 0 0 0 0 0 0 0 0 0 0 0 0 0 0 0 0 0
Lorraine_1000000_9900_5 0 2 0 0 0 0 0 0 0 0 0 0 0 0 0 0 0 0 0 0 0
Janet_1000000_9900_5 0 4 0 0 0 0 0 0 0 0 0 0 0 0 0 0 0 0 0 0 0
Charles_1000000_9900_5 0 2 0 0 0 0 0 0 0 0 0 0 0 0 0 0 0 0 0 0 0
Michael_1000000_9900_5 1 2 0 0 0 0 0 0 0 3 0 0 0 2 0 0 0 0 0 0 1
Constance_1000000_9900_5 2 4 3 0 0 0 0 0 0 0 0 0 5 0 0 0 0 5 10 3 0
Selma_1000000_9900_5 1 2 0 0 0 0 0 0 0 14 10 0 5 2 0 0 0 0 0 0 5
Genevieve_1000000_9900_5 0 3 0 0 0 0 0 0 0 0 0 0 0 0 0 0 0 0 0 0 0
Helen_1000000_9900_5 0 4 7 0 0 0 0 0 0 0 0 0 0 17 4 0 0 0 0 0 10
Brian_1000000_9900_5 1 3 0 0 0 0 0 0 0 4 0 0 0 3 0 0 0 0 0 0 6
Gloria_1000000_9900_5 0 3 0 0 0 0 0 0 0 0 0 0 0 0 0 0 0 0 0 0 0
John_1000000_9900_5 0 2 0 0 0 0 0 0 0 0 0 0 0 0 0 0 0 0 0 0 0
Keith_1000000_9900_5 0 4 0 0 0 0 0 0 0 0 0 0 0 0 0 0 0 0 0 0 0
Gustavo_1000000_9900_5 0 2 0 0 0 0 0 0 0 0 0 0 0 0 0 0 0 0 0 0 0
Joshua_1000000_9900_5 1 2 0 0 0 0 0 0 0 3 0 0 0 2 0 0 0 0 0 0 5
Lynnette_1000000_9900_5 1 2 0 0 0 0 0 0 0 3 5 0 0 2 0 0 0 0 0 0 5
Agnes_1000000_9900_5 2 3 13 0 0 14 7 0 0 0 0 0 0 7 7 0 0 5 10 8 4
Eleanor_1000000_9900_5 0 3 0 0 0 0 0 0 0 0 0 0 0 0 0 0 0 0 0 0 0
Rhonda_1000000_9900_5 2 6 9 0 0 0 0 0 0 0 0 0 7 0 0 0 0 7 14 4 0
Linda_1000000_9900_5 0 2 0 0 0 0 0 0 0 0 0 0 0 0 0 0 0 0 0 0 0
Felix_1000000_9900_5 1 3 0 0 0 0 0 0 0 4 0 0 9 3 0 0 0 0 0 2 9
Louis_1000000_9900_5 0 3 5 0 0 0 0 0 0 0 0 0 0 12 3 0 0 0 0 0 2
Owen_1000000_9900_5 1 3 5 0 0 0 0 0 0 4 0 14 13 3 0 0 0 0 0 0 6
Nancy_1000000_9900_5 1 2 0 0 0 0 0 0 0 3 0 0 0 2 0 0 0 0 0 0 1
Aileen_1000000_9900_5 1 2 0 0 0 0 0 0 0 3 0 0 0 2 0 0 0 0 0 1 6
Rene_1000000_9900_5 0 2 0 0 0 0 0 0 0 0 0 0 0 0 0 0 0 0 0 0 0
Norman_1000000_9900_5 1 3 0 0 0 0 0 0 0 4 0 0 0 10 0 0 0 0 0 0 9
Joanna_1000000_9900_5 2 4 3 0 0 0 0 0 0 0 0 0 5 0 0 0 0 5 10 3 0
Cynthia_1000000_9900_5 1 3 0 0 5 0 0 0 0 4 0 0 0 3 0 0 0 0 0 0 6
Amy_1000000_9900_5 2 3 12 0 0 7 0 0 0 0 0 0 0 0 7 0 0 5 10 8 0
Marie_1000000_9900_5 0 3 0 0 0 0 0 0 0 0 0 0 0 0 0 0 0 0 0 0 0
Lori_1000000_9900_5 2 4 7 0 0 9 9 0 0 0 0 0 0 0 9 0 0 8 14 11 0
Ivan_1000000_9900_5 0 3 0 0 0 0 0 0 0 0 0 0 0 0 0 0 0 0 0 0 0
Chester_1000000_9900_5 2 4 3 0 0 0 0 0 0 0 0 0 5 0 0 0 0 2 10 3 0
Susan_1000000_9900_5 2 3 15 0 0 7 0 0 0 0 0 0 0 20 7 0 0 5 10 8 2
Terry_1000000_9900_5 2 5 4 0 0 0 0 0 0 0 0 0 7 0 0 0 0 8 14 4 0
Tamara_1000000_9900_5 0 2 0 0 0 0 0 0 0 0 0 0 0 0 0 0 0 0 0 0 0
Rose_1000000_9900_5 0 3 19 0 7 0 0 0 10 4 24 4 12 25 7 10 4 0 7 0 16
Cecil_1000000_9900_5 2 3 29 0 0 10 0 0 0 0 0 0 3 21 21 0 0 7 15 14 23
Leticia_1000000_9900_5 1 3 10 0 0 0 0 0 0 0 0 0 0 11 0 0 3 0 0 0 6
Phuong_1000000_9900_5 0 2 0 0 0 0 0 0 0 0 0 0 0 0 0 0 0 0 0 0 0
Sharon_1000000_9900_5 0 4 0 0 0 0 0 0 0 0 0 0 0 0 0 0 0 0 0 0 0
Rochelle_1000000_9900_5 0 3 0 0 0 0 0 0 0 0 0 0 0 0 0 0 0 0 0 0 0
Millard_1000000_9900_5 0 2 0 0 0 0 0 0 0 0 0 0 0 12 0 0 0 0 0 0 1
Michelle_1000000_9900_5 0 2 0 0 0 0 0 0 0 0 0 0 0 0 0 0 0 0 0 0 0
Stacey_1000000_9900_5 1 2 0 0 0 0 0 0 0 3 0 0 0 2 0 0 0 0 0 1 3
Jewell_1000000_9900_5 2 2 9 0 0 5 0 0 0 0 0 0 0 0 5 0 0 1 6 5 0
Patria_1000000_9900_5 1 3 0 0 0 0 0 0 0 13 0 0 0 3 0 0 0 0 5 0 6
Carolyn_1000000_9900_5 1 2 0 0 0 0 0 0 0 3 0 0 0 2 0 0 0 0 0 1 7
Wade_1000000_9900_5 2 3 0 0 0 0 0 0 0 0 0 0 0 0 0 0 0 0 0 0 0
Rita_1000000_9900_5 1 2 0 0 0 0 0 0 0 3 0 0 0 2 0 0 0 0 0 1 6
Frank_1000000_9900_5 0 2 0 0 0 0 0 0 0 0 0 0 0 0 0 0 0 0 0 0 0
Betty_1000000_9900_5 0 4 0 0 0 0 0 0 0 0 0 0 0 0 0 0 0 0 0 0 0
Tina_1000000_9900_5 1 3 0 0 0 0 0 0 0 4 0 0 0 3 0 0 0 0 0 0 2
Donald_1000000_9900_5 1 2 0 0 0 0 0 0 0 3 0 0 0 2 0 0 0 0 0 0 4
Melissa_1000000_9900_5 2 2 9 0 0 10 5 0 0 0 0 0 0 0 5 0 0 1 6 5 0
Christy_1000000_9900_5 1 2 0 0 0 0 0 0 0 3 0 0 0 2 0 0 0 0 0 0 4
Douglas_1000000_9900_5 1 2 0 0 0 3 0 0 3 3 0 0 0 2 0 0 0 0 0 0 4
Natasha_1000000_9900_5 1 2 0 0 0 0 0 0 0 3 0 0 0 2 0 0 0 0 0 0 5
Debby_1000000_9900_5 1 3 0 0 0 0 0 0 0 4 0 0 0 3 0 0 0 0 0 0 6
Walter_1000000_9900_5 2 4 18 0 0 20 10 0 0 0 0 0 0 0 10 0 0 11 14 11 0
Grace_1000000_9900_5 0 2 0 0 0 0 0 0 0 0 0 0 0 0 0 0 0 0 0 0 0
Scott_1000000_9900_5 0 3 0 0 0 0 0 0 0 0 0 0 0 0 0 0 0 0 0 0 0
Francine_1000000_9900_5 0 2 0 0 0 0 0 0 0 0 0 0 0 0 0 0 0 0 0 0 0
Camille_1000000_9900_5 0 3 10 0 0 0 0 0 0 0 0 0 0 10 0 0 0 0 0 0 2
Lauren_1000000_9900_5 2 4 13 0 0 0 0 0 0 0 0 0 5 20 5 0 0 5 10 3 0
Brett_1000000_9900_5 2 5 4 0 0 0 0 0 0 0 0 0 7 0 0 0 0 7 14 4 0
Jeffrey_1000000_9900_5 0 2 0 0 0 0 0 0 0 0 0 0 0 0 0 0 0 0 0 0 0
Rafael_1000000_9900_5 1 2 6 0 0 0 0 0 0 3 0 0 0 12 0 0 0 0 0 0 1
Carlos_1000000_9900_5 0 2 0 0 0 0 0 0 0 0 0 0 0 0 0 0 0 0 0 0 0
Edmundo_1000000_9900_5 0 2 0 0 0 0 0 0 0 0 0 0 0 0 0 0 0 0 0 0 0
Irmgard_1000000_9900_5 1 3 0 0 0 0 0 0 0 4 0 0 0 3 0 0 0 0 0 0 7
Sherri_1000000_9900_5 2 3 33 0 0 10 0 0 0 0 7 7 3 25 20 0 0 7 14 11 23
Jennifer_1000000_9900_5 1 3 5 0 0 0 0 0 0 4 0 23 29 36 3 5 0 0 0 0 24
Raye_1000000_9900_5 1 2 0 0 0 0 0 0 0 3 0 0 0 2 0 0 0 0 0 0 4
Darren_1000000_9900_5 2 4 7 0 0 18 9 0 0 0 0 0 0 0 9 0 0 3 7 4 0
Justin_1000000_9900_5 1 2 0 0 0 0 0 0 0 3 0 0 0 2 0 0 0 0 0 1 6
Donn_1000000_9900_5 0 2 0 0 0 0 0 0 0 0 0 0 0 0 0 0 0 0 0 0 0
Dale_1000000_9900_5 1 3 0 0 0 0 0 0 0 4 0 0 0 3 0 0 11 0 0 2 14
Anita_1000000_9900_5 1 2 0 0 0 0 0 0 0 10 0 0 0 2 0 0 0 0 0 0 5
Marjorie_1000000_9900_5 0 2 0 0 0 0 0 0 0 0 0 0 0 0 0 0 0 0 0 0 0
Myron_1000000_9900_5 2 2 8 0 0 5 0 0 0 0 0 0 0 0 5 0 0 1 6 5 0
Bonita_1000000_9900_5 2 2 8 0 0 10 5 0 0 0 0 0 0 0 5 0 0 1 6 5 0
Barb_1000000_9900_5 1 3 0 0 0 0 0 0 0 0 0 0 0 0 0 0 0 0 0 0 0
Joy_1000000_9900_5 0 3 0 0 0 0 0 0 0 0 0 0 0 0 0 0 0 0 0 0 0
Edgar_1000000_9900_5 1 5 12 0 0 0 0 0 0 3 0 0 17 45 2 6 0 0 0 0 20
Elaine_1000000_9900_5 0 2 0 0 0 0 0 0 0 0 0 0 0 0 0 0 0 0 0 0 0
Marcia_1000000_9900_5 1 3 0 0 0 0 0 0 0 4 0 0 0 3 0 0 0 0 0 0 2
Sam_1000000_9900_5 0 4 7 0 0 0 0 0 0 0 0 0 0 0 0 0 0 0 0 0 3
Lydia_1000000_9900_5 0 2 0 0 0 0 0 0 0 0 0 0 0 0 0 0 0 0 0 0 0
Bertie_1000000_9900_5 1 3 0 0 0 0 0 0 5 6 11 0 0 42 0 0 0 0 0 5 20
Steven_1000000_9900_5 1 2 0 0 0 0 3 0 0 3 0 0 0 2 0 0 0 0 0 0 1
Martha_1000000_9900_5 1 3 0 0 0 0 0 0 0 0 0 0 0 0 0 0 0 0 0 0 0
Jamie_1000000_9900_5 1 3 0 0 0 0 0 0 0 4 0 0 0 3 0 0 0 0 0 0 2
Latashia_1000000_9900_5 1 3 0 0 0 0 0 0 0 4 0 0 0 3 0 0 0 0 0 0 0
Ahmad_1000000_9900_5 1 3 0 0 0 0 0 0 0 4 0 0 0 3 0 0 0 0 0 0 6
David_1000000_9900_5 2 3 23 0 0 8 0 0 0 0 0 0 0 20 13 0 0 2 10 8 2
Brant_1000000_9900_5 0 2 0 0 0 0 0 0 0 0 0 0 0 0 0 0 0 0 0 0 0
Jan_1000000_9900_5 1 2 0 0 0 0 0 0 0 3 0 0 0 2 0 0 0 0 0 0 4
Kimberly_1000000_9900_5 0 4 0 0 0 0 0 0 0 0 0 0 0 0 0 0 0 0 0 0 0
Lucy_1000000_9900_5 1 3 0 0 0 0 0 0 0 4 0 0 0 3 0 0 0 0 0 0 6
Barbara_1000000_9900_5 0 4 0 0 0 0 0 0 0 0 0 0 0 0 0 0 0 0 0 0 0
Kelly_1000000_9900_5 0 4 7 0 0 0 0 0 0 0 0 0 3 7 4 0 0 0 0 0 0
Richard_1000000_9900_5 0 2 0 0 0 0 0 0 0 0 0 0 0 0 0 0 0 0 0 0 0
Kathleen_1000000_9900_5 2 4 3 0 0 0 0 0 0 0 0 0 5 0 0 0 0 5 10 3 0
Christopher_1000000_9900_5 0 2 0 0 0 0 0 0 0 0 0 0 0 0 0 0 0 0 0 0 0
William_1000000_9900_5 0 4 7 0 0 7 3 11 7 0 0 0 0 17 4 7 7 14 0 0 10
George_1000000_9900_5 0 2 0 0 0 0 0 0 0 0 0 0 0 0 0 0 0 0 0 0 0
Robert_1000000_9900_5 0 2 0 0 0 0 0 0 0 0 0 0 0 0 0 0 0 0 0 0 0
James_1000000_9900_5 0 3 0 0 0 0 0 0 0 0 0 0 0 0 0 0 0 0 0 0 0
Bruce_1000000_9900_5 0 2 0 0 0 0 0 0 0 0 0 0 0 0 0 0 0 0 0 0 0
Emily_1000000_9900_5 2 5 4 0 0 0 0 0 0 0 0 0 7 0 0 0 0 8 14 4 0
Peggy_1000000_9900_5 1 2 0 0 0 0 0 0 0 3 0 0 0 2 0 0 0 0 0 0 5
Max_1000000_9900_5 1 2 0 0 0 0 0 0 0 3 0 0 0 2 0 0 0 0 0 0 4
Marion_1000000_9900_5 2 4 17 0 0 10 0 0 0 0 0 0 0 0 10 0 0 2 12 10 0
Gretta_1000000_9900_5 2 2 0 0 0 0 0 0 0 0 0 0 0 0 0 0 0 0 0 0 0
Elizabeth_1000000_9900_5 0 2 0 0 0 0 0 0 0 0 0 0 0 0 0 0 0 0 0 0 0
Carmen_1000000_9900_5 2 4 3 0 0 0 0 0 0 0 0 0 5 0 0 0 0 4 10 3 0
Heather_1000000_9900_5 1 2 0 0 0 0 0 3 0 3 0 0 0 2 0 0 0 0 0 0 0
Angela_1000000_9900_5 0 2 0 0 0 0 0 0 0 0 0 0 0 0 0 0 0 0 0 0 0
Brandon_1000000_9900_5 1 3 0 0 0 0 0 0 0 4 0 5 4 3 0 0 0 0 0 0 6
Norene_1000000_9900_5 0 4 0 0 0 0 0 0 0 0 0 0 0 0 0 0 0 0 0 0 0
Willie_1000000_9900_5 2 5 4 0 0 0 0 0 0 0 0 0 7 0 0 0 0 8 14 4 0
Frances_1000000_9900_5 2 4 3 0 0 0 0 0 0 0 0 0 5 0 0 0 0 5 10 3 0
Garry_1000000_9900_5 0 2 0 0 0 0 0 0 0 0 0 0 0 0 0 0 0 0 0 0 0
Leslie_1000000_9900_5 1 3 0 0 0 0 0 0 0 4 0 0 0 3 0 0 0 0 0 0 6
Mark_1000000_9900_5 0 2 0 0 0 0 0 0 0 0 0 0 0 0 0 0 0 0 0 0 0
Margaret_1000000_9900_5 2 5 18 0 0 0 0 0 0 0 0 0 7 21 0 0 0 7 14 4 3
Thomas_1000000_9900_10 0 2 0 0 0 0 0 0 0 0 0 0 0 0 0 0 0 0 0 0 0
Jessica_1000000_9900_10 2 6 4 0 0 0 0 0 0 0 0 0 7 6 0 0 7 18 15 9 0
Laverne_1000000_9900_10 0 3 0 0 0 0 0 0 0 0 0 0 0 0 0 0 0 0 0 0 0
Irene_1000000_9900_10 1 3 0 0 0 0 0 0 0 36 0 0 0 3 0 0 0 0 0 0 2
Annette_1000000_9900_10 1 3 0 0 0 0 0 0 0 4 0 0 0 3 0 0 0 0 0 0 9
Dorothy_1000000_9900_10 0 2 0 0 0 0 0 0 0 0 0 0 0 0 0 0 0 0 0 0 0
Raymond_1000000_9900_10 1 3 0 0 0 0 0 0 0 4 0 0 0 3 0 0 0 0 0 0 6
Anthony_1000000_9900_10 1 3 5 0 0 0 0 0 2 7 7 14 7 2 3 2 3 0 0 2 14
Nelson_1000000_9900_10 2 6 9 0 0 0 0 0 0 0 0 0 7 0 0 0 0 7 14 4 0
Eric_1000000_9900_10 1 3 7 0 0 0 0 0 0 4 7 0 0 3 0 0 0 0 0 0 7
Erika_1000000_9900_10 2 2 5 0 0 5 0 0 0 0 0 0 0 0 5 0 0 1 6 5 0
Patricia_1000000_9900_10 0 3 0 0 0 0 0 0 0 0 0 0 0 0 0 0 0 0 0 0 0
Judith_1000000_9900_10 0 4 0 0 0 0 0 0 7 0 0 0 0 0 0 0 0 0 0 0 0
Sandra_1000000_9900_10 0 2 0 0 0 0 0 0 0 0 0 0 0 0 0 0 0 0 0 0 0
Napoleon_1000000_9900_10 1 2 0 0 0 0 0 0 0 0 0 0 0 22 5 0 2 0 0 0 1
Dolores_1000000_9900_10 2 3 12 0 0 7 0 0 0 0 0 0 0 0 7 0 0 5 10 8 0
Eloisa_1000000_9900_10 1 3 0 0 0 0 0 0 0 4 0 0 0 3 0 0 0 0 0 0 6
Gerald_1000000_9900_10 0 3 0 2 3 0 0 0 5 11 7 0 7 3 0 0 0 0 0 0 0
Patrick_1000000_9900_10 1 2 0 0 0 0 0 6 0 3 0 0 0 2 0 6 0 0 0 0 0
Nicole_1000000_9900_10 1 3 0 0 0 0 0 0 0 4 0 0 0 3 0 0 0 0 0 0 6
Alvin_1000000_9900_10 0 2 0 0 0 0 0 0 0 0 0 0 0 0 0 0 0 0 0 0 0
Travis_1000000_9900_10 2 2 0 0 0 10 5 0 0 0 0 0 0 0 0 0 0 9 0 0 0
Tommy_1000000_9900_10 0 4 0 0 0 0 0 0 0 0 0 0 0 0 0 0 0 0 0 0 0
Timothy_1000000_9900_10 1 3 0 0 0 0 0 0 0 4 0 32 13 3 0 0 0 0 0 2 9
Paul_1000000_9900_10 2 3 14 0 0 14 7 0 0 0 0 0 0 0 7 0 0 5 10 8 0
Tonya_1000000_9900_10 1 3 0 0 0 0 0 0 0 4 0 0 0 3 0 0 0 0 0 0 7
Della_1000000_9900_10 1 3 0 0 0 0 0 0 0 4 0 0 0 3 0 0 0 0 0 0 2
Bobby_1000000_9900_10 1 2 0 0 0 0 0 0 0 3 0 0 0 2 0 0 0 0 0 0 5
Kevin_1000000_9900_10 2 3 12 0 0 14 7 0 0 0 0 0 0 0 7 0 0 5 10 8 0
Sara_1000000_9900_10 0 4 0 0 0 0 0 0 0 0 0 0 0 0 0 0 0 0 0 0 3
Brenda_1000000_9900_10 0 2 0 0 0 0 0 0 0 0 0 0 0 0 0 0 0 0 0 0 0
Edith_1000000_9900_10 0 2 0 0 0 0 0 0 0 0 0 0 0 0 0 0 0 0 0 0 0
Jonathan_1000000_9900_10 0 2 0 0 0 0 0 0 0 0 0 0 0 0 0 0 0 0 0 0 0
Cole_1000000_9900_10 1 3 0 0 0 0 0 0 0 0 0 0 0 4 0 0 3 0 0 2 9
Howard_1000000_9900_10 2 5 10 0 0 0 0 0 0 0 0 0 6 0 0 0 0 5 13 6 0
Rudolf_1000000_9900_10 2 3 0 0 0 7 7 0 0 0 0 0 0 15 0 0 0 5 0 0 0
Vincent_1000000_9900_10 1 2 0 0 0 0 0 6 0 3 0 0 0 2 0 6 0 0 0 0 0
Elda_1000000_9900_10 1 2 0 0 0 0 0 0 0 3 0 0 0 2 0 0 0 0 0 0 0
Shawn_1000000_9900_10 0 2 0 0 0 0 0 0 0 0 0 0 0 0 0 0 0 0 0 0 0
Jeff_1000000_9900_10 2 5 4 0 0 0 0 0 0 0 0 0 7 0 0 0 0 8 14 4 0
Katie_1000000_9900_10 2 4 17 0 0 10 0 0 0 0 0 0 0 0 10 0 0 2 12 10 0
Janice_1000000_9900_10 1 2 0 0 0 0 0 0 0 3 0 0 0 7 0 0 0 0 0 0 1
Joseph_1000000_9900_10 0 2 0 0 0 0 0 0 0 0 0 0 0 0 0 0 0 0 0 0 0
Debra_1000000_9900_10 1 2 0 0 0 0 0 0 0 3 0 0 0 2 0 0 0 0 0 0 4
Rachel_1000000_9900_10 0 4 0 0 0 0 0 0 0 0 0 0 0 0 0 0 0 0 0 0 0
Lorraine_1000000_9900_10 0 4 7 0 0 0 0 0 0 0 0 0 0 10 4 0 0 0 0 0 3
Janet_1000000_9900_10 0 4 0 0 0 0 0 0 0 0 0 0 0 0 0 0 0 0 0 0 0
Charles_1000000_9900_10 0 4 0 0 0 0 0 0 0 0 0 0 0 0 0 0 0 0 0 0 0
Michael_1000000_9900_10 1 2 0 0 0 0 0 0 0 3 0 0 0 2 0 0 0 0 0 0 1
Constance_1000000_9900_10 2 4 3 0 0 0 0 0 0 0 0 0 5 0 0 0 0 5 10 3 0
Selma_1000000_9900_10 1 2 0 0 0 0 0 0 0 14 10 0 5 2 0 0 0 0 0 0 5
Genevieve_1000000_9900_10 0 4 0 0 0 0 0 0 0 0 0 0 0 0 0 0 0 0 0 0 0
Helen_1000000_9900_10 0 4 0 0 0 0 0 0 0 0 0 0 0 0 0 0 0 0 0 0 0
Brian_1000000_9900_10 1 3 0 0 0 0 0 0 0 4 0 0 0 3 0 0 0 0 0 0 7
Gloria_1000000_9900_10 0 4 0 0 0 0 0 0 0 0 0 0 0 0 0 0 0 0 0 0 0
John_1000000_9900_10 0 3 0 0 0 0 0 0 0 0 0 0 0 0 0 0 0 0 0 0 0
Keith_1000000_9900_10 0 2 0 0 0 0 0 0 0 0 0 0 0 0 0 0 0 0 0 0 0
Gustavo_1000000_9900_10 0 4 0 0 0 0 0 0 0 0 0 0 0 0 0 0 0 0 0 0 0
Joshua_1000000_9900_10 1 2 0 0 0 0 0 0 0 3 0 0 0 2 0 0 0 0 0 0 5
Lynnette_1000000_9900_10 1 2 0 0 0 0 0 0 0 3 5 0 0 2 0 0 0 0 0 0 5
Agnes_1000000_9900_10 2 3 13 0 0 14 7 0 0 0 0 0 0 7 7 0 0 5 10 8 4
Eleanor_1000000_9900_10 0 2 0 0 0 0 0 0 0 0 0 0 0 0 0 0 0 0 0 0 0
Rhonda_1000000_9900_10 2 5 4 0 0 0 0 0 0 0 0 0 7 0 0 0 0 7 14 4 0
Linda_1000000_9900_10 0 2 0 0 0 0 0 0 0 0 0 0 0 0 0 0 0 0 0 0 0
Felix_1000000_9900_10 1 3 0 0 0 0 0 0 0 4 0 0 9 3 0 0 0 0 0 2 9
Louis_1000000_9900_10 0 3 5 0 0 0 0 0 0 0 0 0 0 5 0 0 0 0 0 0 2
Owen_1000000_9900_10 1 3 5 0 0 0 0 0 0 4 0 14 13 3 0 0 0 0 0 0 6
Nancy_1000000_9900_10 1 2 0 0 0 0 0 0 0 3 0 0 0 2 0 0 0 0 0 0 1
Aileen_1000000_9900_10 1 2 0 0 0 0 0 0 0 3 0 0 0 2 0 0 0 0 0 1 7
Rene_1000000_9900_10 0 4 0 0 0 0 0 0 0 0 0 0 0 0 0 0 0 0 0 0 0
Norman_1000000_9900_10 1 3 0 0 0 0 0 0 0 4 0 0 0 10 0 0 0 0 0 0 9
Joanna_1000000_9900_10 2 4 3 0 0 0 0 0 0 0 0 0 5 0 0 0 0 5 10 3 0
Cynthia_1000000_9900_10 1 3 0 0 5 0 0 0 0 4 0 0 0 3 0 0 0 0 0 0 6
Amy_1000000_9900_10 2 4 22 0 0 9 0 0 0 0 0 0 0 0 9 0 0 8 14 11 0
Marie_1000000_9900_10 0 2 0 0 0 0 0 0 0 0 0 0 0 0 0 0 0 0 0 0 0
Lori_1000000_9900_10 2 4 7 0 0 9 9 0 0 0 0 0 0 0 0 0 0 3 14 11 0
Ivan_1000000_9900_10 0 2 0 0 0 0 0 0 0 0 0 0 0 0 0 0 0 0 0 0 0
Chester_1000000_9900_10 2 4 3 0 0 0 0 0 0 0 0 0 5 0 0 0 0 2 10 3 0
Susan_1000000_9900_10 2 4 23 0 0 10 0 0 0 0 0 0 0 24 14 0 0 5 12 10 3
Terry_1000000_9900_10 2 5 4 0 0 0 0 0 0 0 0 0 7 0 0 0 0 8 14 4 0
Tamara_1000000_9900_10 0 4 0 0 0 0 0 0 0 0 0 0 0 0 0 0 0 0 0 0 0
Rose_1000000_9900_10 0 2 16 0 7 0 0 0 10 4 17 4 12 10 7 10 4 0 7 0 17
Cecil_1000000_9900_10 2 2 29 0 0 15 0 0 0 0 0 0 5 27 10 7 7 5 10 15 12
Leticia_1000000_9900_10 1 3 10 0 0 0 0 0 0 0 0 0 0 11 0 0 3 0 0 0 6
Phuong_1000000_9900_10 0 4 0 0 0 0 0 0 0 0 0 0 0 0 0 0 0 0 0 0 0
Sharon_1000000_9900_10 0 2 0 0 0 0 0 0 0 0 0 0 0 0 0 0 0 0 0 0 0
Rochelle_1000000_9900_10 0 2 0 0 0 0 0 0 0 0 0 0 0 0 0 0 0 0 0 0 0
Millard_1000000_9900_10 0 2 3 0 0 0 0 0 0 0 0 0 0 9 0 0 0 0 0 0 1
Michelle_1000000_9900_10 0 4 0 0 0 0 0 0 0 0 0 0 0 0 0 0 0 0 0 0 0
Stacey_1000000_9900_10 1 2 0 0 0 0 0 0 0 3 0 0 0 2 0 0 0 0 0 1 3
Jewell_1000000_9900_10 2 2 9 0 0 5 0 0 0 0 0 0 0 0 5 0 0 1 6 5 0
Patria_1000000_9900_10 1 3 0 0 0 0 0 0 0 13 0 0 0 3 0 0 0 0 5 0 6
Carolyn_1000000_9900_10 1 2 0 0 0 0 0 0 0 3 0 0 0 2 0 0 0 0 0 1 7
Wade_1000000_9900_10 2 4 0 0 0 0 0 0 0 0 0 0 0 0 0 0 0 7 0 0 0
Rita_1000000_9900_10 1 2 0 0 0 0 0 0 0 3 0 0 0 2 0 0 0 0 0 1 7
Frank_1000000_9900_10 0 3 0 0 0 0 0 0 0 0 0 0 0 0 0 0 0 0 0 0 0
Betty_1000000_9900_10 0 3 0 0 0 0 0 0 0 0 0 0 0 0 0 0 0 0 0 0 0
Tina_1000000_9900_10 1 3 0 0 0 0 0 0 0 4 0 0 0 3 0 0 0 0 0 0 2
Donald_1000000_9900_10 1 2 0 0 0 0 0 0 0 3 0 0 0 2 0 0 0 0 0 0 5
Melissa_1000000_9900_10 2 2 9 0 0 10 5 0 0 0 0 0 0 0 5 0 0 1 6 5 0
Christy_1000000_9900_10 1 2 0 0 0 0 0 0 0 3 0 0 0 2 0 0 0 0 0 0 4
Douglas_1000000_9900_10 1 2 0 0 0 3 0 0 3 3 0 0 0 2 0 0 0 0 0 0 4
Natasha_1000000_9900_10 1 2 0 0 0 0 0 0 0 3 0 0 0 2 0 0 0 0 0 0 0
Debby_1000000_9900_10 1 3 0 0 0 0 0 0 0 4 0 0 0 3 0 0 0 0 0 0 6
Walter_1000000_9900_10 2 4 17 0 0 20 10 0 0 0 0 0 0 0 10 0 0 7 14 11 0
Grace_1000000_9900_10 0 4 0 0 0 0 0 0 0 0 0 0 0 0 0 0 0 0 0 0 0
Scott_1000000_9900_10 0 2 0 0 0 0 0 0 0 0 0 0 0 0 0 0 0 0 0 0 0
Francine_1000000_9900_10 0 3 0 0 0 0 0 0 0 0 0 0 0 0 0 0 0 0 0 0 0
Camille_1000000_9900_10 0 3 10 0 0 0 0 0 0 0 0 0 0 15 0 0 0 0 0 0 2
Lauren_1000000_9900_10 2 4 13 0 0 0 0 0 0 0 0 0 5 20 0 0 0 5 10 3 0
Brett_1000000_9900_10 2 5 4 0 0 0 0 0 0 0 0 0 7 0 0 0 0 7 14 4 0
Jeffrey_1000000_9900_10 0 4 0 0 0 0 0 0 0 0 0 0 0 0 0 0 0 0 0 0 0
Rafael_1000000_9900_10 1 2 6 0 0 0 0 0 0 3 0 0 0 12 0 0 0 0 0 0 1
Carlos_1000000_9900_10 0 2 0 0 0 0 0 0 0 0 0 0 0 0 0 0 0 0 0 0 0
Edmundo_1000000_9900_10 0 4 7 0 0 0 0 0 0 0 0 0 0 0 0 0 0 0 0 0 0
Irmgard_1000000_9900_10 1 4 0 0 0 0 0 0 0 5 0 0 0 4 0 0 0 0 0 0 9
Sherri_1000000_9900_10 2 2 18 0 0 7 0 0 0 0 0 0 5 27 10 0 0 5 10 8 12
Jennifer_1000000_9900_10 1 3 5 0 0 0 0 0 0 4 0 23 29 31 3 5 0 0 0 0 14
Raye_1000000_9900_10 1 2 0 0 0 0 0 0 0 3 0 0 0 2 0 0 0 0 0 0 4
Darren_1000000_9900_10 2 4 0 0 0 18 9 0 0 0 0 0 0 0 0 0 0 3 7 4 0
Justin_1000000_9900_10 1 2 0 0 0 0 0 0 0 3 0 0 0 2 0 0 0 0 0 1 7
Donn_1000000_9900_10 0 2 0 0 0 0 0 0 0 0 0 0 0 0 0 0 0 0 0 0 0
Dale_1000000_9900_10 1 3 0 0 0 0 0 0 0 4 0 0 0 3 0 0 4 0 0 2 14
Anita_1000000_9900_10 1 2 0 0 0 0 0 0 0 10 0 0 0 2 0 0 0 0 0 0 5
Marjorie_1000000_9900_10 0 4 7 0 0 0 0 0 0 0 0 0 0 0 0 0 0 0 0 0 3
Myron_1000000_9900_10 2 3 12 0 0 8 0 0 0 0 0 0 0 0 7 0 0 5 10 8 2
Bonita_1000000_9900_10 2 2 8 0 0 10 5 0 0 0 0 0 0 0 5 0 0 1 6 5 0
Barb_1000000_9900_10 1 2 0 0 0 0 0 0 0 0 0 0 0 0 0 0 0 0 0 0 0
Joy_1000000_9900_10 0 2 0 0 0 0 0 0 0 0 0 0 0 0 0 0 0 0 0 0 0
Edgar_1000000_9900_10 1 5 12 0 0 0 0 0 0 3 0 0 17 45 2 6 0 0 0 0 20
Elaine_1000000_9900_10 0 4 0 0 0 0 0 0 0 0 0 0 0 0 0 0 0 0 0 0 0
Marcia_1000000_9900_10 1 3 0 0 0 0 0 0 0 4 0 0 0 3 0 0 0 0 0 0 2
Sam_1000000_9900_10 0 2 0 0 0 0 0 0 0 0 0 0 0 0 0 0 0 0 0 0 0
Lydia_1000000_9900_10 0 4 0 0 0 0 0 0 0 0 0 0 0 0 0 0 0 0 0 0 0
Bertie_1000000_9900_10 1 3 0 0 0 0 0 0 5 6 11 0 0 42 0 0 0 0 0 5 20
Steven_1000000_9900_10 1 2 0 0 0 0 3 0 0 3 0 0 0 2 0 0 0 0 0 0 1
Martha_1000000_9900_10 1 4 0 0 0 0 0 0 0 0 0 0 0 0 0 0 0 0 0 0 0
Jamie_1000000_9900_10 1 3 0 0 0 0 0 0 0 4 0 0 0 3 0 0 0 0 0 0 2
Latashia_1000000_9900_10 1 2 0 0 0 0 0 0 0 0 0 0 0 0 0 0 0 0 0 0 0
Ahmad_1000000_9900_10 1 3 0 0 0 0 0 0 0 4 0 0 0 3 0 0 0 0 0 0 6
David_1000000_9900_10 2 3 22 0 0 8 0 0 0 0 0 0 0 20 8 0 0 2 10 8 2
Brant_1000000_9900_10 0 4 0 0 0 0 0 0 0 0 0 0 0 0 0 0 0 0 0 0 0
Jan_1000000_9900_10 1 2 0 0 0 0 0 0 0 3 0 0 0 2 0 0 0 0 0 0 5
Kimberly_1000000_9900_10 0 3 0 0 0 0 0 0 0 0 0 0 0 0 0 0 0 0 0 0 0
Lucy_1000000_9900_10 1 3 0 0 0 0 0 0 0 4 0 0 0 3 0 0 0 0 0 0 6
Barbara_1000000_9900_10 0 2 0 0 0 0 0 0 0 0 0 0 0 0 0 0 0 0 0 0 0
Kelly_1000000_9900_10 0 4 0 0 0 0 0 0 0 0 0 0 3 0 4 0 0 0 0 0 0
Richard_1000000_9900_10 0 2 0 0 0 0 0 0 0 0 0 0 0 0 0 0 0 0 0 0 0
Kathleen_1000000_9900_10 2 5 10 0 0 0 0 0 0 0 0 0 7 0 0 0 0 7 14 4 0
Christopher_1000000_9900_10 0 2 0 0 0 0 0 0 0 0 0 0 0 0 0 0 0 0 0 0 0
William_1000000_9900_10 0 4 7 0 0 0 0 0 0 0 0 0 0 0 0 0 7 0 0 0 3
George_1000000_9900_10 0 2 0 0 0 0 0 0 0 0 0 0 0 0 0 0 0 0 0 0 0
Robert_1000000_9900_10 0 4 0 0 0 0 0 0 0 0 0 0 0 0 0 0 0 0 0 0 0
James_1000000_9900_10 0 4 0 0 0 0 0 0 0 0 0 0 0 0 0 0 0 0 0 0 0
Bruce_1000000_9900_10 0 2 0 0 0 0 0 0 0 0 0 0 0 0 0 0 0 0 0 0 0
Emily_1000000_9900_10 2 5 4 0 0 0 0 0 0 0 0 0 7 0 0 0 0 8 14 4 0
Peggy_1000000_9900_10 1 2 0 0 0 0 0 0 0 3 0 0 0 2 0 0 0 0 0 0 5
Max_1000000_9900_10 1 3 0 0 0 0 0 0 0 4 0 0 0 3 0 0 0 0 0 0 6
Marion_1000000_9900_10 2 4 17 0 0 10 0 0 0 0 0 0 0 0 10 0 0 2 12 13 0
Gretta_1000000_9900_10 2 2 0 0 0 0 0 0 0 0 0 0 0 0 0 0 0 0 0 0 0
Elizabeth_1000000_9900_10 0 3 0 0 0 0 0 0 0 0 0 0 0 0 0 0 0 0 0 0 0
Carmen_1000000_9900_10 2 4 3 0 0 0 0 0 0 0 0 0 5 0 0 0 0 5 10 3 0
Heather_1000000_9900_10 1 2 0 0 0 0 0 3 0 3 0 0 0 2 0 0 0 0 0 0 0
Angela_1000000_9900_10 0 3 0 0 0 0 0 0 0 0 0 0 0 0 0 0 0 0 0 0 0
Brandon_1000000_9900_10 1 3 0 0 0 0 0 0 0 4 0 5 4 3 0 0 0 0 0 0 6
Norene_1000000_9900_10 0 3 0 0 0 0 0 0 0 0 0 0 0 0 0 0 0 0 0 0 0
Willie_1000000_9900_10 2 5 4 0 0 0 0 0 0 0 0 0 7 0 0 0 0 8 14 4 0
Frances_1000000_9900_10 2 4 3 0 0 0 0 0 0 0 0 0 5 0 0 0 0 5 10 3 0
Garry_1000000_9900_10 0 2 0 0 0 0 0 0 0 0 0 0 0 0 0 0 0 0 0 0 0
Leslie_1000000_9900_10 1 3 0 0 0 0 0 0 0 4 0 0 0 3 0 0 0 0 0 0 6
Mark_1000000_9900_10 0 4 0 0 0 0 0 0 0 0 0 0 0 0 0 0 0 0 0 0 0
Margaret_1000000_9900_10 2 5 4 0 0 0 0 0 0 0 0 0 7 21 0 0 0 7 14 4 3
Thomas_1000000_9000_5 0 4 7 0 0 0 0 0 0 0 0 0 3 0 4 0 0 0 0 0 10
Jessica_1000000_9000_5 2 6 4 0 0 0 0 0 0 0 0 0 7 6 0 0 0 5 15 9 0
Laverne_1000000_9000_5 0 4 0 0 0 0 0 0 0 0 0 0 0 0 0 0 0 0 0 0 0
Irene_1000000_9000_5 1 3 0 0 0 0 0 0 0 29 0 0 0 3 0 0 0 0 0 0 2
Annette_1000000_9000_5 1 3 0 0 0 0 0 0 0 4 0 0 0 3 0 0 0 0 0 0 7
Dorothy_1000000_9000_5 0 2 0 0 0 0 0 0 0 0 0 0 0 0 0 0 0 0 0 0 0
Raymond_1000000_9000_5 1 3 0 0 0 0 0 0 0 4 0 0 0 3 0 0 0 0 0 0 6
Anthony_1000000_9000_5 1 2 0 0 0 0 0 0 0 8 17 3 12 0 0 0 0 0 0 1 2
Nelson_1000000_9000_5 2 3 2 0 0 0 0 0 0 0 0 0 3 0 0 0 0 1 6 5 0
Eric_1000000_9000_5 1 2 0 0 0 0 0 0 0 0 5 8 7 0 0 0 0 0 0 0 0
Erika_1000000_9000_5 2 3 8 0 0 7 0 0 0 0 0 0 0 0 7 0 0 5 10 8 0
Patricia_1000000_9000_5 0 2 0 0 0 0 0 0 0 0 0 0 0 0 0 0 0 0 0 0 0
Judith_1000000_9000_5 0 2 0 0 0 0 0 0 0 0 0 0 0 0 0 0 0 0 0 0 0
Sandra_1000000_9000_5 0 3 0 0 0 0 0 0 0 0 0 0 0 0 0 0 0 0 0 0 0
Napoleon_1000000_9000_5 1 2 0 0 0 0 0 0 0 0 0 0 0 11 3 0 2 0 0 0 1
Dolores_1000000_9000_5 2 4 17 0 0 10 0 0 0 0 0 0 0 0 10 0 0 7 14 11 0
Eloisa_1000000_9000_5 1 3 0 0 0 0 0 0 0 4 0 0 0 3 0 0 0 0 0 0 6
Gerald_1000000_9000_5 0 3 0 2 3 0 0 0 0 4 0 0 7 3 0 0 0 0 0 0 0
Patrick_1000000_9000_5 1 2 0 0 0 0 0 6 0 3 0 0 0 2 0 6 0 0 0 0 0
Nicole_1000000_9000_5 1 3 0 0 0 0 0 0 0 4 0 0 0 3 0 0 0 0 0 0 6
Alvin_1000000_9000_5 0 3 0 0 0 0 0 0 0 0 0 0 0 0 0 0 0 0 0 0 0
Travis_1000000_9000_5 2 2 0 0 0 0 5 0 0 0 0 0 0 0 0 0 0 0 0 0 0
Tommy_1000000_9000_5 0 4 0 0 0 0 0 0 0 0 0 0 0 0 0 0 0 0 0 0 0
Timothy_1000000_9000_5 1 3 0 0 0 0 0 0 0 4 0 14 4 3 0 0 0 0 0 2 9
Paul_1000000_9000_5 2 3 9 0 0 14 7 0 0 0 0 0 0 0 7 0 0 2 10 8 0
Tonya_1000000_9000_5 1 2 0 0 0 0 0 0 0 5 0 5 0 0 0 0 0 0 0 0 0
Della_1000000_9000_5 1 3 0 0 0 0 0 0 0 4 0 0 0 3 0 0 0 0 0 0 2
Bobby_1000000_9000_5 1 2 0 0 0 0 0 0 0 3 0 0 0 2 0 0 0 0 0 0 5
Kevin_1000000_9000_5 2 2 5 0 0 10 5 0 0 0 0 0 0 0 0 0 0 4 2 0 0
Sara_1000000_9000_5 0 2 0 0 0 0 0 0 0 0 0 0 0 0 0 0 0 0 0 0 0
Brenda_1000000_9000_5 0 4 0 0 0 0 0 0 0 0 0 0 0 0 0 0 0 0 0 0 0
Edith_1000000_9000_5 0 2 0 0 0 0 0 0 0 0 0 0 0 0 0 0 0 0 0 0 0
Jonathan_1000000_9000_5 0 4 0 0 0 0 0 0 0 0 0 0 0 0 0 0 0 0 0 0 0
Cole_1000000_9000_5 1 2 0 0 0 0 0 0 0 0 0 0 0 3 0 0 2 0 0 1 7
Howard_1000000_9000_5 2 5 10 0 0 0 0 0 0 0 0 0 6 0 0 0 0 5 12 4 0
Rudolf_1000000_9000_5 2 3 0 0 0 7 7 0 0 0 0 0 0 10 0 0 0 0 0 0 0
Vincent_1000000_9000_5 1 2 0 0 0 0 0 6 0 3 0 0 0 2 0 6 0 0 0 0 0
Elda_1000000_9000_5 1 2 0 0 0 0 0 0 0 3 0 0 0 2 0 0 0 0 0 0 0
Shawn_1000000_9000_5 0 3 0 0 0 0 0 0 0 0 0 0 0 0 0 0 0 0 0 0 0
Jeff_1000000_9000_5 2 4 3 0 0 0 0 0 0 0 0 0 0 0 0 0 0 2 10 3 0
Katie_1000000_9000_5 2 3 13 0 0 8 0 0 0 0 0 0 0 0 8 0 0 2 10 8 0
Janice_1000000_9000_5 1 2 0 0 0 0 0 0 0 3 0 0 0 2 0 0 0 0 0 0 0
Joseph_1000000_9000_5 0 3 0 0 0 0 0 0 0 0 0 0 0 0 0 0 0 0 0 0 0
Debra_1000000_9000_5 1 2 0 0 0 0 0 0 0 3 0 0 0 2 0 0 0 0 0 0 5
Rachel_1000000_9000_5 0 2 0 0 0 0 0 0 0 0 0 0 0 0 0 0 0 0 0 0 0
Lorraine_1000000_9000_5 0 2 0 0 0 0 0 0 0 0 0 0 0 0 0 0 0 0 0 0 0
Janet_1000000_9000_5 0 4 0 0 0 0 0 0 0 0 0 0 0 0 0 0 0 0 0 0 0
Charles_1000000_9000_5 0 2 0 0 0 0 0 0 0 0 0 0 0 0 0 0 0 0 0 0 0
Michael_1000000_9000_5 1 2 0 0 0 0 0 0 0 3 0 0 0 2 0 0 0 0 0 0 0
Constance_1000000_9000_5 2 6 4 0 0 0 0 0 0 0 0 0 7 0 0 0 0 7 14 4 0
Selma_1000000_9000_5 1 2 0 0 0 0 0 0 0 14 10 0 5 2 0 0 0 0 0 0 5
Genevieve_1000000_9000_5 0 3 0 0 0 0 0 0 0 0 0 0 0 0 0 0 0 0 0 0 0
Helen_1000000_9000_5 0 4 0 0 0 0 0 0 0 0 0 0 0 0 0 0 0 0 0 0 0
Brian_1000000_9000_5 1 3 0 0 0 0 0 0 0 4 0 0 0 3 0 0 0 0 0 0 7
Gloria_1000000_9000_5 0 3 0 0 0 0 0 0 0 0 0 0 0 0 0 0 0 0 0 0 0
John_1000000_9000_5 0 2 0 0 0 0 0 0 0 0 0 0 0 0 0 0 0 0 0 0 0
Keith_1000000_9000_5 0 4 0 0 0 0 0 0 0 0 0 0 0 0 0 0 0 0 0 0 0
Gustavo_1000000_9000_5 0 2 0 0 0 0 0 0 0 0 0 0 0 0 0 0 0 0 0 0 0
Joshua_1000000_9000_5 1 2 0 0 0 0 0 0 0 3 0 0 0 2 0 0 0 0 0 0 5
Lynnette_1000000_9000_5 1 2 0 0 0 0 0 0 0 3 5 0 0 2 0 0 0 0 0 0 5
Agnes_1000000_9000_5 2 3 13 0 0 14 7 0 0 0 0 0 0 7 7 0 0 5 10 8 4
Eleanor_1000000_9000_5 0 3 0 0 0 0 0 0 0 0 0 0 0 0 0 0 0 0 0 0 0
Rhonda_1000000_9000_5 2 5 4 0 0 0 0 0 0 0 0 0 7 0 0 0 0 7 14 4 0
Linda_1000000_9000_5 0 2 0 0 0 0 0 0 0 0 0 0 0 0 0 0 0 0 0 0 0
Felix_1000000_9000_5 1 3 0 0 0 0 0 0 0 4 0 0 0 3 0 0 0 0 0 2 9
Louis_1000000_9000_5 0 3 5 0 0 0 0 0 0 0 0 0 0 0 0 0 0 0 0 0 0
Owen_1000000_9000_5 1 3 0 0 0 0 0 0 0 4 0 0 0 3 0 0 0 0 0 0 6
Nancy_1000000_9000_5 1 2 0 0 0 0 0 0 0 3 0 0 0 2 0 0 0 0 0 0 1
Aileen_1000000_9000_5 1 2 0 0 0 0 0 0 0 3 0 0 0 2 0 0 0 0 0 1 7
Rene_1000000_9000_5 0 2 0 0 0 0 0 0 0 0 0 0 0 0 0 0 0 0 0 0 0
Norman_1000000_9000_5 1 4 7 0 0 0 0 0 0 5 0 0 0 7 4 0 0 0 0 0 3
Joanna_1000000_9000_5 2 3 2 0 0 0 0 0 0 0 0 0 3 0 0 0 0 2 6 2 0
Cynthia_1000000_9000_5 1 4 0 0 7 0 0 0 0 5 0 0 0 4 0 0 0 0 0 0 0
Amy_1000000_9000_5 2 2 5 0 0 0 0 0 0 0 0 0 0 0 0 0 0 1 2 0 0
Marie_1000000_9000_5 0 3 0 0 0 0 0 0 0 0 0 0 0 0 0 0 0 0 0 0 0
Lori_1000000_9000_5 2 4 0 0 0 0 0 0 0 0 0 0 0 0 0 0 0 3 14 11 0
Ivan_1000000_9000_5 0 3 0 0 0 0 0 0 0 0 0 0 0 0 0 0 0 0 0 0 0
Chester_1000000_9000_5 2 5 4 0 0 0 0 0 0 0 0 0 7 0 0 0 0 3 14 4 0
Susan_1000000_9000_5 2 4 23 0 0 10 0 0 0 0 0 0 0 10 14 0 0 2 12 10 3
Terry_1000000_9000_5 2 5 4 0 0 0 0 0 0 0 0 0 7 0 0 0 0 3 14 4 0
Tamara_1000000_9000_5 0 2 0 0 0 0 0 0 0 0 0 0 0 0 0 0 0 0 0 0 0
Rose_1000000_9000_5 0 1 5 0 0 0 0 0 0 0 0 0 1 3 2 0 0 0 0 0 4
Cecil_1000000_9000_5 2 2 26 0 0 8 0 0 0 0 0 0 0 17 10 0 0 5 10 8 12
Leticia_1000000_9000_5 1 3 5 0 0 0 0 0 0 0 0 0 0 6 0 0 3 0 0 0 2
Phuong_1000000_9000_5 0 2 0 0 0 0 0 0 0 0 0 0 0 0 0 0 0 0 0 0 0
Sharon_1000000_9000_5 0 4 0 0 0 0 0 0 0 0 0 0 0 0 0 0 0 0 0 0 0
Rochelle_1000000_9000_5 0 3 0 0 0 0 0 0 0 0 0 0 0 0 0 0 0 0 0 0 0
Millard_1000000_9000_5 0 2 0 0 0 0 0 0 0 0 0 0 0 0 0 0 0 0 0 0 0
Michelle_1000000_9000_5 0 2 0 0 0 0 0 0 0 0 0 0 0 0 0 0 0 0 0 0 0
Stacey_1000000_9000_5 1 2 0 0 0 0 0 0 0 3 0 0 0 2 0 0 0 0 0 1 3
Jewell_1000000_9000_5 2 2 9 0 0 5 0 0 0 0 0 0 0 0 5 0 0 1 6 5 0
Patria_1000000_9000_5 1 2 0 0 0 0 0 0 0 3 0 0 0 2 0 0 0 0 3 0 5
Carolyn_1000000_9000_5 1 2 0 0 0 0 0 0 0 3 0 0 0 2 0 0 0 0 0 1 7
Wade_1000000_9000_5 2 3 0 0 0 0 0 0 0 0 0 0 0 0 0 0 0 0 0 0 0
Rita_1000000_9000_5 1 2 0 0 0 0 0 0 0 3 0 0 0 2 0 0 0 0 0 1 7
Frank_1000000_9000_5 0 2 0 0 0 0 0 0 0 0 0 0 0 0 0 0 0 0 0 0 0
Betty_1000000_9000_5 0 3 0 0 0 0 0 0 0 0 0 0 0 0 0 0 0 0 0 0 0
Tina_1000000_9000_5 1 2 0 0 0 0 0 0 0 3 0 0 0 2 0 0 0 0 0 0 0
Donald_1000000_9000_5 1 2 0 0 0 0 0 0 0 3 0 0 0 2 0 0 0 0 0 0 5
Melissa_1000000_9000_5 2 2 8 0 0 10 5 0 0 0 0 0 0 0 5 0 0 1 6 5 0
Christy_1000000_9000_5 1 2 0 0 0 0 0 0 0 3 0 0 0 2 0 0 0 0 0 0 5
Douglas_1000000_9000_5 1 2 0 0 0 3 0 0 3 3 0 0 0 2 0 0 0 0 0 0 5
Natasha_1000000_9000_5 1 2 0 0 0 0 0 0 0 3 0 0 0 2 0 0 0 0 0 0 0
Debby_1000000_9000_5 1 3 0 0 0 0 0 0 0 4 0 0 0 3 0 0 0 0 0 0 6
Walter_1000000_9000_5 2 4 17 0 0 20 9 0 0 0 0 0 0 0 10 0 0 8 14 11 0
Grace_1000000_9000_5 0 2 0 0 0 0 0 0 0 0 0 0 0 0 0 0 0 0 0 0 0
Scott_1000000_9000_5 0 3 0 0 0 0 0 0 0 0 0 0 0 0 0 0 0 0 0 0 0
Francine_1000000_9000_5 0 2 0 0 0 0 0 0 0 0 0 0 0 0 0 0 0 0 0 0 0
Camille_1000000_9000_5 0 3 5 0 0 0 0 0 0 0 0 0 0 10 0 0 0 0 0 0 2
Lauren_1000000_9000_5 2 5 11 0 0 0 0 0 0 0 0 0 6 17 4 0 0 8 12 9 0
Brett_1000000_9000_5 2 3 2 0 0 0 0 0 0 0 0 0 3 0 0 0 0 1 6 5 0
Jeffrey_1000000_9000_5 0 2 0 0 0 0 0 0 0 0 0 0 0 0 0 0 0 0 0 0 0
Rafael_1000000_9000_5 1 2 3 0 0 0 0 0 0 3 0 0 0 7 0 0 0 0 0 0 1
Carlos_1000000_9000_5 0 2 0 0 0 0 0 0 0 0 0 0 0 0 0 0 0 0 0 0 0
Edmundo_1000000_9000_5 0 2 0 0 0 0 0 0 0 0 0 0 0 0 0 0 0 0 0 0 0
Irmgard_1000000_9000_5 1 4 0 0 0 0 0 0 0 5 0 0 0 4 0 0 0 0 0 0 5
Sherri_1000000_9000_5 2 2 8 0 0 7 0 0 0 0 0 0 0 17 10 0 0 2 10 8 7
Jennifer_1000000_9000_5 1 3 5 0 0 0 0 0 0 4 0 14 11 31 3 5 0 0 0 0 14
Raye_1000000_9000_5 1 2 0 0 0 0 0 0 0 3 0 0 0 2 0 0 0 0 0 0 5
Darren_1000000_9000_5 2 3 0 0 0 7 7 0 0 0 0 0 0 0 0 0 0 5 0 0 0
Justin_1000000_9000_5 1 2 0 0 0 0 0 0 0 3 0 0 0 2 0 0 0 0 0 1 7
Donn_1000000_9000_5 0 2 0 0 0 0 0 0 0 0 0 0 0 0 0 0 0 0 0 0 0
Dale_1000000_9000_5 1 2 0 0 0 0 0 0 0 5 3 0 2 0 0 0 0 0 0 1 2
Anita_1000000_9000_5 1 2 0 0 0 0 0 0 0 10 0 0 0 2 0 0 0 0 0 0 5
Marjorie_1000000_9000_5 0 2 0 0 0 0 0 0 0 0 0 0 0 0 0 0 0 0 0 0 0
Myron_1000000_9000_5 2 3 12 0 0 8 0 0 0 0 0 0 0 0 7 0 0 5 10 8 0
Bonita_1000000_9000_5 2 2 8 0 0 10 5 0 0 0 0 0 0 0 5 0 0 1 6 5 0
Barb_1000000_9000_5 1 3 0 0 0 0 0 0 0 0 0 0 0 0 0 0 0 0 0 0 0
Joy_1000000_9000_5 0 3 0 0 0 0 0 0 0 0 0 0 0 0 0 0 0 0 0 0 0
Edgar_1000000_9000_5 1 3 7 0 0 0 0 0 0 3 0 0 5 33 2 6 0 0 0 0 15
Elaine_1000000_9000_5 0 2 0 0 0 0 0 0 0 0 0 0 0 0 0 0 0 0 0 0 0
Marcia_1000000_9000_5 1 2 0 0 0 0 0 0 0 5 8 0 5 2 0 0 0 0 0 0 0
Sam_1000000_9000_5 0 4 0 0 0 0 0 0 0 0 0 0 0 0 0 0 0 0 0 0 0
Lydia_1000000_9000_5 0 2 0 0 0 0 0 0 0 0 0 0 0 0 0 0 0 0 0 0 0
Bertie_1000000_9000_5 1 2 0 0 0 0 0 0 0 4 0 0 0 12 3 0 0 0 0 0 11
Steven_1000000_9000_5 1 2 0 0 0 0 3 0 0 3 0 0 0 2 0 0 0 0 0 0 0
Martha_1000000_9000_5 1 3 0 0 0 0 0 0 0 0 0 0 0 0 0 0 0 0 0 0 0
Jamie_1000000_9000_5 1 3 0 0 0 0 0 0 0 4 0 0 0 3 0 0 0 0 0 0 2
Latashia_1000000_9000_5 1 2 0 0 0 0 0 0 0 0 0 0 0 0 0 0 0 0 0 0 0
Ahmad_1000000_9000_5 1 4 7 0 0 0 0 0 0 5 0 0 0 7 4 0 0 0 0 0 9
David_1000000_9000_5 2 3 13 0 0 8 0 0 0 0 0 0 0 5 8 0 0 2 10 8 0
Brant_1000000_9000_5 0 2 0 0 0 0 0 0 0 0 0 0 0 0 0 0 0 0 0 0 0
Jan_1000000_9000_5 1 2 0 0 0 0 0 0 0 3 0 0 0 2 0 0 0 0 0 0 5
Kimberly_1000000_9000_5 0 4 0 0 0 0 0 0 0 0 0 0 0 0 0 0 0 0 0 0 0
Lucy_1000000_9000_5 1 4 0 0 0 7 0 7 7 5 0 0 0 4 0 0 7 0 0 0 8
Barbara_1000000_9000_5 0 4 0 0 0 0 0 0 0 0 0 0 0 0 0 0 0 0 0 0 0
Kelly_1000000_9000_5 0 4 0 0 0 0 0 0 0 0 0 0 3 0 4 0 0 0 0 0 0
Richard_1000000_9000_5 0 2 0 0 0 0 0 0 0 0 0 0 0 0 0 0 0 0 0 0 0
Kathleen_1000000_9000_5 2 5 10 0 0 0 0 0 0 0 0 0 7 0 0 0 0 7 14 4 0
Christopher_1000000_9000_5 0 3 0 0 0 0 0 0 0 0 0 0 0 0 0 0 0 0 0 0 0
William_1000000_9000_5 0 4 7 0 0 0 0 0 0 0 0 0 0 0 0 0 0 0 0 0 3
George_1000000_9000_5 0 2 0 0 0 0 0 0 0 0 0 0 0 0 0 0 0 0 0 0 0
Robert_1000000_9000_5 0 2 0 0 0 0 0 0 0 0 0 0 0 0 0 0 0 0 0 0 0
James_1000000_9000_5 0 3 0 0 0 0 0 0 0 0 0 0 0 0 0 0 0 0 0 0 0
Bruce_1000000_9000_5 0 2 0 0 0 0 0 0 0 0 0 0 0 0 0 0 0 0 0 0 0
Emily_1000000_9000_5 2 5 4 0 0 0 0 0 0 0 0 0 7 0 0 0 0 8 14 4 0
Peggy_1000000_9000_5 1 2 0 0 0 0 0 0 0 3 0 0 0 2 0 0 0 0 0 0 5
Max_1000000_9000_5 1 2 0 0 0 0 0 0 0 3 0 0 0 2 0 0 0 0 0 0 5
Marion_1000000_9000_5 2 3 13 0 0 8 0 0 0 0 0 0 0 0 8 0 0 2 10 8 0
Gretta_1000000_9000_5 2 2 0 0 0 0 0 0 0 0 0 0 0 0 0 0 0 0 0 0 0
Elizabeth_1000000_9000_5 0 2 0 0 0 0 0 0 0 0 0 0 0 0 0 0 0 0 0 0 0
Carmen_1000000_9000_5 2 4 3 0 0 0 0 0 0 0 0 0 5 0 0 0 0 4 10 3 0
Heather_1000000_9000_5 1 2 0 0 0 0 0 3 0 3 0 0 0 2 0 0 0 0 0 0 0
Angela_1000000_9000_5 0 2 0 0 0 0 0 0 0 0 0 0 0 0 0 0 0 0 0 0 0
Brandon_1000000_9000_5 1 3 0 0 0 0 0 0 0 4 0 0 0 3 0 0 0 0 0 0 6
Norene_1000000_9000_5 0 4 0 0 0 0 0 0 0 0 0 0 0 0 0 0 0 0 0 0 0
Willie_1000000_9000_5 2 5 4 0 0 0 0 0 0 0 0 0 7 0 0 0 0 3 14 4 0
Frances_1000000_9000_5 2 6 4 0 0 0 0 0 0 0 0 0 6 0 0 0 0 5 12 4 0
Garry_1000000_9000_5 0 2 0 0 0 0 0 0 0 0 0 0 0 0 0 0 0 0 0 0 0
Leslie_1000000_9000_5 1 3 0 0 0 0 0 0 0 4 0 0 0 3 0 0 0 0 0 0 7
Mark_1000000_9000_5 0 2 0 0 0 0 0 0 0 0 0 0 0 0 0 0 0 0 0 0 0
Margaret_1000000_9000_5 2 4 3 0 0 0 0 0 0 0 0 0 5 0 0 0 0 5 10 3 0
