Thomas_2000000_9000_5 0 0 2 0 0 0 0 0 0 0 0 0 1 0 1 0 0 0 0 0 3
Jessica_2000000_9000_5 2 0 4 0 0 0 0 0 0 0 0 0 2 8 0 0 0 4 14 6 0
Laverne_2000000_9000_5 0 0 0 0 0 0 0 0 0 0 0 0 0 0 0 0 0 0 0 0 0
Irene_2000000_9000_5 1 0 0 0 0 0 0 0 0 14 6 1 3 0 0 0 0 0 0 0 0
Annette_2000000_9000_5 1 0 2 0 0 0 0 0 0 1 0 0 0 4 1 0 0 0 0 0 2
Dorothy_2000000_9000_5 0 0 0 0 0 0 0 0 0 0 0 0 0 0 0 0 0 0 0 0 0
Raymond_2000000_9000_5 1 0 0 0 0 0 0 0 0 1 0 0 1 0 0 0 0 0 0 0 2
Anthony_2000000_9000_5 1 0 0 0 0 0 0 0 0 3 7 1 5 0 0 0 0 0 0 1 1
Nelson_2000000_9000_5 2 0 1 0 0 0 0 0 0 0 0 0 2 0 0 0 0 1 4 1 0
Eric_2000000_9000_5 1 0 0 0 0 0 0 0 0 0 2 3 3 0 0 0 0 0 0 0 0
Erika_2000000_9000_5 2 0 0 0 0 2 0 0 0 0 0 0 0 0 2 0 0 1 4 3 0
Patricia_2000000_9000_5 0 0 0 0 0 0 0 0 0 0 0 0 0 0 0 0 0 0 0 0 0
Judith_2000000_9000_5 0 0 0 0 0 0 0 0 0 0 0 0 0 0 0 0 0 0 0 0 0
Sandra_2000000_9000_5 0 0 0 0 0 0 0 0 0 0 0 0 0 0 0 0 0 0 0 0 0
Napoleon_2000000_9000_5 1 0 0 0 0 0 0 0 0 0 0 0 0 4 1 0 1 0 0 0 1
Dolores_2000000_9000_5 2 0 0 0 0 8 0 0 0 0 0 0 0 0 2 0 0 3 4 3 0
Eloisa_2000000_9000_5 1 0 2 0 0 0 0 0 0 1 0 0 0 2 1 0 0 0 0 0 4
Gerald_2000000_9000_5 0 0 0 1 1 0 0 0 0 1 0 0 2 1 0 0 0 0 0 0 0
Patrick_2000000_9000_5 1 0 0 0 0 0 0 2 0 3 2 0 2 1 0 2 0 0 0 0 0
Nicole_2000000_9000_5 1 0 2 0 0 0 0 0 0 1 0 0 0 1 0 0 0 0 0 0 2
Alvin_2000000_9000_5 0 0 0 0 0 0 0 0 0 0 0 0 0 0 0 0 0 0 0 0 0
Travis_2000000_9000_5 2 0 0 0 0 0 0 0 0 0 0 0 0 0 0 0 0 0 0 0 0
Tommy_2000000_9000_5 0 0 0 0 0 0 0 0 0 0 0 0 0 0 0 0 0 0 0 0 0
Timothy_2000000_9000_5 1 0 0 0 0 0 0 0 0 1 4 0 1 2 0 0 0 0 0 1 3
Paul_2000000_9000_5 2 0 2 0 0 4 2 0 0 0 0 0 0 0 2 0 0 1 4 3 0
Tonya_2000000_9000_5 1 0 0 0 0 0 0 0 0 2 0 2 0 0 0 0 0 0 0 0 0
Della_2000000_9000_5 1 0 0 0 0 0 0 0 0 3 4 0 5 0 0 0 0 0 0 0 0
Bobby_2000000_9000_5 1 0 0 0 0 0 0 0 0 1 0 0 0 1 0 0 0 0 0 0 1
Kevin_2000000_9000_5 2 0 0 0 0 2 2 0 0 0 0 0 0 0 0 0 0 3 1 0 0
Sara_2000000_9000_5 0 0 0 0 0 0 0 0 0 0 0 0 0 0 0 0 0 0 0 0 0
Brenda_2000000_9000_5 0 0 0 0 0 0 0 0 0 0 0 0 0 0 0 0 0 0 0 0 0
Edith_2000000_9000_5 0 0 0 0 0 0 0 0 0 0 0 0 0 0 0 0 0 0 0 0 0
Jonathan_2000000_9000_5 0 0 0 0 0 0 0 0 0 0 0 0 0 0 0 0 0 0 0 0 0
Cole_2000000_9000_5 1 0 0 0 0 0 0 0 0 0 0 0 0 1 0 0 1 0 0 1 3
Howard_2000000_9000_5 2 0 5 0 0 0 0 0 0 0 0 0 8 0 0 0 0 4 16 4 0
Rudolf_2000000_9000_5 2 0 0 0 0 2 2 0 0 0 0 0 0 4 0 0 0 0 0 0 0
Vincent_2000000_9000_5 1 0 0 0 0 0 0 8 0 1 0 0 0 1 0 8 0 0 0 0 0
Elda_2000000_9000_5 1 0 0 0 0 0 0 0 0 4 0 0 0 1 0 0 0 0 0 0 1
Shawn_2000000_9000_5 0 0 0 0 0 0 0 0 0 0 0 0 0 0 0 0 0 0 0 0 0
Jeff_2000000_9000_5 2 0 1 0 0 0 0 0 0 0 0 0 0 0 0 0 0 1 4 1 0
Katie_2000000_9000_5 2 0 2 0 0 2 0 0 0 0 0 0 0 0 2 0 0 1 4 3 0
Janice_2000000_9000_5 1 0 0 0 0 0 0 0 0 1 0 0 1 0 0 0 0 0 0 0 0
Joseph_2000000_9000_5 0 0 0 0 0 0 0 0 0 0 0 0 0 0 0 0 0 0 0 0 0
Debra_2000000_9000_5 1 0 0 0 0 0 0 0 0 1 0 0 0 1 0 0 0 0 0 0 2
Rachel_2000000_9000_5 0 0 0 0 0 0 0 0 0 0 0 0 0 0 0 0 0 0 0 0 0
Lorraine_2000000_9000_5 0 0 0 0 0 0 0 0 0 0 0 0 0 0 0 0 0 0 0 0 0
Janet_2000000_9000_5 0 0 0 0 0 0 0 0 0 0 0 0 0 0 0 0 0 0 0 0 0
Charles_2000000_9000_5 0 0 0 0 0 0 0 0 0 0 0 0 0 0 0 0 0 0 0 0 0
Michael_2000000_9000_5 1 0 0 0 0 0 0 0 0 1 0 0 0 1 0 0 0 0 0 0 0
Constance_2000000_9000_5 2 0 4 0 0 0 0 0 0 0 0 0 2 0 0 0 0 5 4 1 0
Selma_2000000_9000_5 1 0 0 0 0 0 0 0 2 7 7 1 3 8 0 0 0 0 0 0 1
Genevieve_2000000_9000_5 0 0 0 0 0 0 0 0 0 0 0 0 0 0 0 0 0 0 0 0 0
Helen_2000000_9000_5 0 0 0 0 0 0 0 0 0 0 0 0 0 0 0 0 0 0 0 0 0
Brian_2000000_9000_5 1 0 0 0 0 0 0 0 0 1 0 0 0 1 0 0 0 0 0 0 0
Gloria_2000000_9000_5 0 0 0 0 0 0 0 0 0 0 0 0 0 0 0 0 0 0 0 0 0
John_2000000_9000_5 0 0 0 0 0 0 0 0 0 0 0 0 0 0 0 0 0 0 0 0 0
Keith_2000000_9000_5 0 0 0 0 0 0 0 0 0 0 0 0 0 0 0 0 0 0 0 0 0
Gustavo_2000000_9000_5 0 0 0 0 0 0 0 0 0 0 0 0 0 0 0 0 0 0 0 0 0
Joshua_2000000_9000_5 1 0 0 0 0 0 0 0 0 1 0 0 0 1 0 0 0 0 0 0 2
Lynnette_2000000_9000_5 1 0 4 3 3 4 5 5 4 1 0 0 0 1 3 3 4 8 0 0 8
Agnes_2000000_9000_5 2 0 4 0 0 2 2 0 0 0 0 0 0 2 2 0 0 3 4 3 1
Eleanor_2000000_9000_5 0 0 0 0 0 0 0 0 0 0 0 0 0 0 0 0 0 0 0 0 0
Rhonda_2000000_9000_5 2 0 1 0 0 0 0 0 0 0 0 0 2 0 0 0 0 1 4 1 0
Linda_2000000_9000_5 0 0 0 0 0 0 0 0 0 0 0 0 0 0 0 0 0 0 0 0 0
Felix_2000000_9000_5 1 0 0 0 0 0 0 0 0 3 4 0 1 0 0 0 0 0 0 1 3
Louis_2000000_9000_5 0 0 2 0 0 0 0 0 0 0 0 0 0 0 0 0 0 0 0 0 0
Owen_2000000_9000_5 1 0 3 2 2 2 1 3 2 1 0 5 3 6 1 2 2 2 0 0 4
Nancy_2000000_9000_5 1 0 1 0 0 0 0 0 0 5 2 1 1 1 0 0 0 0 0 0 1
Aileen_2000000_9000_5 1 0 0 0 0 0 0 0 0 1 0 0 0 1 0 0 0 0 0 1 3
Rene_2000000_9000_5 0 0 0 0 0 0 0 0 0 0 0 0 0 0 0 0 0 0 0 0 0
Norman_2000000_9000_5 1 0 2 0 0 0 0 0 0 1 0 0 0 2 1 0 0 0 0 0 0
Joanna_2000000_9000_5 2 0 1 0 0 0 0 0 0 0 0 0 2 0 0 0 0 1 4 1 0
Cynthia_2000000_9000_5 1 0 0 0 2 0 0 0 0 1 0 0 0 1 0 0 0 0 0 0 0
Amy_2000000_9000_5 2 0 2 0 0 0 0 0 0 0 0 0 0 0 0 0 0 1 1 0 0
Marie_2000000_9000_5 0 0 0 0 0 0 0 0 0 0 0 0 0 0 0 0 0 0 0 0 0
Lori_2000000_9000_5 2 0 0 0 0 0 0 0 0 0 0 0 0 0 0 0 0 1 4 3 0
Ivan_2000000_9000_5 0 0 0 0 0 0 0 0 0 0 0 0 0 0 0 0 0 0 0 0 0
Chester_2000000_9000_5 2 0 1 0 0 0 0 0 0 0 0 0 2 0 0 0 0 1 4 1 0
Susan_2000000_9000_5 2 0 2 0 0 2 0 0 0 0 0 0 0 3 3 0 0 4 16 12 1
Terry_2000000_9000_5 2 0 1 0 0 0 0 0 0 0 0 0 2 0 0 0 0 1 4 1 0
Tamara_2000000_9000_5 0 0 0 0 0 0 0 0 0 0 0 0 0 0 0 0 0 0 0 0 0
Rose_2000000_9000_5 0 0 3 0 0 0 0 0 0 0 0 0 1 2 1 0 0 0 0 0 3
Cecil_2000000_9000_5 2 0 9 0 0 2 0 0 0 0 0 0 1 4 3 0 0 1 4 3 3
Leticia_2000000_9000_5 1 0 2 0 0 0 0 0 0 0 0 0 0 5 0 0 1 0 0 0 1
Phuong_2000000_9000_5 0 0 0 0 0 0 0 0 0 0 0 0 0 0 0 0 0 0 0 0 0
Sharon_2000000_9000_5 0 0 0 0 0 0 0 0 0 0 0 0 0 0 0 0 0 0 0 0 0
Rochelle_2000000_9000_5 0 0 0 0 0 0 0 0 0 0 0 0 0 0 0 0 0 0 0 0 0
Millard_2000000_9000_5 0 0 0 0 0 0 0 0 0 0 0 0 0 0 0 0 0 0 0 0 0
Michelle_2000000_9000_5 0 0 0 0 0 0 0 0 0 0 0 0 0 0 0 0 0 0 0 0 0
Stacey_2000000_9000_5 1 0 0 0 0 0 0 0 0 1 1 1 1 6 0 0 0 0 0 1 2
Jewell_2000000_9000_5 2 0 2 0 0 2 0 0 0 0 0 0 0 0 0 0 0 1 4 3 0
Patria_2000000_9000_5 1 0 0 0 0 0 0 0 0 1 0 0 0 1 0 0 0 0 2 0 2
Carolyn_2000000_9000_5 1 0 0 0 0 0 0 0 0 1 0 0 0 1 0 0 0 0 0 1 3
Wade_2000000_9000_5 2 0 0 0 0 0 0 0 0 0 0 0 0 0 0 0 0 0 0 0 0
Rita_2000000_9000_5 1 0 0 0 0 0 0 0 0 1 0 0 0 1 0 0 0 0 0 1 3
Frank_2000000_9000_5 0 0 0 0 0 0 0 0 0 0 0 0 0 0 0 0 0 0 0 0 0
Betty_2000000_9000_5 0 0 0 0 0 0 0 0 0 0 0 0 0 0 0 0 0 0 0 0 0
Tina_2000000_9000_5 1 0 0 0 0 0 0 0 0 1 0 0 0 1 0 0 0 0 0 0 1
Donald_2000000_9000_5 1 0 0 0 0 0 0 0 0 1 0 0 0 1 0 0 0 0 0 0 1
Melissa_2000000_9000_5 2 0 2 0 0 4 2 0 0 0 0 0 0 0 2 0 0 1 4 3 0
Christy_2000000_9000_5 1 0 0 0 0 0 0 0 0 1 0 0 0 1 0 0 0 0 0 0 1
Douglas_2000000_9000_5 1 0 2 0 0 2 0 0 10 1 0 1 1 1 0 0 0 0 0 0 8
Natasha_2000000_9000_5 1 0 0 0 0 0 0 0 0 1 0 0 0 1 0 0 0 0 0 0 0
Debby_2000000_9000_5 1 0 0 0 0 0 0 0 0 1 0 0 1 0 0 0 0 0 0 0 2
Walter_2000000_9000_5 2 0 0 0 0 8 2 0 0 0 0 0 0 0 0 0 0 6 7 3 0
Grace_2000000_9000_5 0 0 0 0 0 0 0 0 0 0 0 0 0 0 0 0 0 0 0 0 0
Scott_2000000_9000_5 0 0 0 0 0 0 0 0 0 0 0 0 0 0 0 0 0 0 0 0 0
Francine_2000000_9000_5 0 0 0 0 0 0 0 0 0 0 0 0 0 0 0 0 0 0 0 0 0
Camille_2000000_9000_5 0 0 2 0 0 0 0 0 0 0 0 0 0 4 0 0 0 0 0 0 1
Lauren_2000000_9000_5 2 0 3 0 0 0 0 0 0 0 0 0 8 5 1 0 0 4 16 6 0
Brett_2000000_9000_5 2 0 1 0 0 0 0 0 0 0 0 0 2 0 0 0 0 1 4 1 0
Jeffrey_2000000_9000_5 0 0 0 0 0 0 0 0 0 0 0 0 0 0 0 0 0 0 0 0 0
Rafael_2000000_9000_5 1 0 2 0 0 0 0 0 0 4 3 1 1 1 0 0 0 0 0 0 1
Carlos_2000000_9000_5 0 0 0 0 0 0 0 0 0 0 0 0 0 0 0 0 0 0 0 0 0
Edmundo_2000000_9000_5 0 0 0 0 0 0 0 0 0 0 0 0 0 0 0 0 0 0 0 0 0
Irmgard_2000000_9000_5 1 0 0 0 0 0 0 0 0 1 0 0 0 1 0 0 0 0 0 0 1
Sherri_2000000_9000_5 2 0 3 0 0 2 0 0 0 0 0 0 1 2 3 0 0 1 4 3 3
Jennifer_2000000_9000_5 1 0 3 0 2 0 0 0 3 4 0 3 2 9 1 3 1 0 2 0 6
Raye_2000000_9000_5 1 0 0 0 0 0 0 0 0 1 0 0 0 3 0 0 0 0 0 0 2
Darren_2000000_9000_5 2 0 0 0 0 0 2 0 0 0 0 0 0 0 0 0 0 1 2 1 0
Justin_2000000_9000_5 1 0 0 0 0 0 0 0 0 1 0 0 0 1 0 0 0 0 0 4 6
Donn_2000000_9000_5 0 0 0 0 0 0 0 0 0 0 0 0 0 0 0 0 0 0 0 0 0
Dale_2000000_9000_5 1 0 0 0 0 0 0 0 0 2 1 0 1 0 0 0 0 0 0 1 1
Anita_2000000_9000_5 1 0 0 0 0 0 0 0 0 3 2 0 2 1 0 0 0 0 0 0 2
Marjorie_2000000_9000_5 0 0 0 0 0 0 0 0 0 0 0 0 0 0 0 0 0 0 0 0 0
Myron_2000000_9000_5 2 0 0 0 0 2 0 0 0 0 0 0 0 0 2 0 0 1 4 3 0
Bonita_2000000_9000_5 2 0 0 0 0 4 2 0 0 0 0 0 0 0 0 0 0 1 4 3 0
Barb_2000000_9000_5 1 0 0 0 0 0 0 0 0 0 0 0 0 0 0 0 0 0 0 0 0
Joy_2000000_9000_5 0 0 0 0 0 0 0 0 0 0 0 0 0 0 0 0 0 0 0 0 0
Edgar_2000000_9000_5 1 0 7 3 4 2 2 0 1 3 9 4 10 9 5 4 2 3 3 4 2
Elaine_2000000_9000_5 0 0 0 0 0 0 0 0 0 0 0 0 0 0 0 0 0 0 0 0 0
Marcia_2000000_9000_5 1 0 0 0 0 0 0 0 0 3 2 0 3 0 0 0 0 0 0 0 0
Sam_2000000_9000_5 0 0 0 0 0 0 0 0 0 0 0 0 0 0 0 0 0 0 0 0 0
Lydia_2000000_9000_5 0 0 0 0 0 0 0 0 0 0 0 0 0 0 0 0 0 0 0 0 0
Bertie_2000000_9000_5 1 0 0 0 0 0 0 0 0 4 0 0 0 8 1 4 2 2 0 0 4
Steven_2000000_9000_5 1 0 0 0 0 0 2 0 0 1 2 0 0 3 0 0 0 0 0 0 0
Martha_2000000_9000_5 1 0 0 0 0 0 0 0 0 0 0 0 0 0 0 0 0 0 0 0 0
Jamie_2000000_9000_5 1 0 0 0 0 0 0 0 0 1 0 0 0 1 0 0 0 0 0 0 1
Latashia_2000000_9000_5 1 0 0 0 0 0 0 0 0 0 0 0 0 0 0 0 0 0 0 0 0
Ahmad_2000000_9000_5 1 0 2 0 0 0 0 0 0 1 0 0 0 2 1 0 0 0 0 0 2
David_2000000_9000_5 2 0 0 0 0 2 0 0 0 0 0 0 0 2 2 0 0 1 4 3 0
Brant_2000000_9000_5 0 0 0 0 0 0 0 0 0 0 0 0 0 0 0 0 0 0 0 0 0
Jan_2000000_9000_5 1 0 0 0 0 0 0 0 0 3 2 0 0 1 0 0 0 0 0 0 2
Kimberly_2000000_9000_5 0 0 0 0 0 0 0 0 0 0 0 0 0 0 0 0 0 0 0 0 0
Lucy_2000000_9000_5 1 0 0 0 0 2 1 1 2 1 0 0 0 1 0 0 2 0 0 0 2
Barbara_2000000_9000_5 0 0 0 0 0 0 0 0 0 0 0 0 0 0 0 0 0 0 0 0 0
Kelly_2000000_9000_5 0 0 0 0 0 0 0 0 0 0 0 0 1 0 1 0 0 0 0 0 0
Richard_2000000_9000_5 0 0 0 0 0 0 0 0 0 0 0 0 0 0 0 0 0 0 0 0 0
Kathleen_2000000_9000_5 2 0 5 0 0 0 0 0 0 0 0 0 2 0 0 0 0 5 4 1 0
Christopher_2000000_9000_5 0 0 0 0 0 0 0 0 0 0 0 0 0 0 0 0 0 0 0 0 0
William_2000000_9000_5 0 0 2 0 0 0 0 0 0 0 0 0 0 0 0 0 0 0 0 0 0
George_2000000_9000_5 0 0 0 0 0 0 0 0 0 0 0 0 0 0 0 0 0 0 0 0 0
Robert_2000000_9000_5 0 0 0 0 0 0 0 0 0 0 0 0 0 0 0 0 0 0 0 0 0
James_2000000_9000_5 0 0 0 0 0 0 0 0 0 0 0 0 0 0 0 0 0 0 0 0 0
Bruce_2000000_9000_5 0 0 0 0 0 0 0 0 0 0 0 0 0 0 0 0 0 0 0 0 0
Emily_2000000_9000_5 2 0 1 0 0 0 0 0 0 0 0 0 2 0 0 0 0 1 4 1 0
Peggy_2000000_9000_5 1 0 0 0 0 0 0 0 0 1 0 0 1 6 0 0 0 0 0 0 2
Max_2000000_9000_5 1 0 0 0 0 0 0 0 0 1 0 0 0 1 0 0 0 0 0 0 2
Marion_2000000_9000_5 2 0 2 0 0 2 0 0 0 0 0 0 0 0 2 0 0 1 4 3 0
Gretta_2000000_9000_5 2 0 0 0 0 0 0 0 0 0 0 0 0 0 0 0 0 0 0 0 0
Elizabeth_2000000_9000_5 0 0 0 0 0 0 0 0 0 0 0 0 0 0 0 0 0 0 0 0 0
Carmen_2000000_9000_5 2 0 4 0 0 0 0 0 0 0 0 0 8 0 0 0 0 4 16 4 0
Heather_2000000_9000_5 1 0 0 0 0 0 0 2 0 1 0 0 0 1 0 0 0 0 0 0 0
Angela_2000000_9000_5 0 0 0 0 0 0 0 0 0 0 0 0 0 0 0 0 0 0 0 0 0
Brandon_2000000_9000_5 1 0 0 0 0 0 0 0 0 1 2 0 1 2 0 0 0 0 0 0 2
Norene_2000000_9000_5 0 0 0 0 0 0 0 0 0 0 0 0 0 0 0 0 0 0 0 0 0
Willie_2000000_9000_5 2 0 1 0 0 0 0 0 0 0 0 0 2 0 0 0 0 1 4 1 0
Frances_2000000_9000_5 2 0 4 0 0 0 0 0 0 0 0 0 8 0 0 0 0 4 16 4 0
Garry_2000000_9000_5 0 0 0 0 0 0 0 0 0 0 0 0 0 0 0 0 0 0 0 0 0
Leslie_2000000_9000_5 1 0 0 0 0 0 0 0 0 3 4 0 1 4 0 0 0 0 0 0 2
Mark_2000000_9000_5 0 0 0 0 0 0 0 0 0 0 0 0 0 0 0 0 0 0 0 0 0
Margaret_2000000_9000_5 2 0 1 0 0 0 0 0 0 0 0 0 2 0 0 0 0 1 4 1 0
Thomas_1000000_9900_10 0 0 0 0 0 0 0 0 0 0 0 0 0 0 0 0 0 0 0 0 0
Jessica_1000000_9900_10 2 0 4 0 0 0 0 0 0 0 0 0 2 8 0 0 2 8 14 6 0
Laverne_1000000_9900_10 0 0 0 0 0 0 0 0 0 0 0 0 0 0 0 0 0 0 0 0 0
Irene_1000000_9900_10 1 0 0 0 0 0 0 0 0 57 0 0 0 1 0 0 0 0 0 0 1
Annette_1000000_9900_10 1 0 0 0 0 0 0 0 0 1 0 0 0 1 0 0 0 0 0 0 3
Dorothy_1000000_9900_10 0 0 0 0 0 0 0 0 0 0 0 0 0 0 0 0 0 0 0 0 0
Raymond_1000000_9900_10 1 0 0 0 0 0 0 0 0 1 0 0 0 1 0 0 0 0 0 0 5
Anthony_1000000_9900_10 1 0 2 0 0 0 0 0 1 2 2 3 2 1 1 1 1 0 0 1 8
Nelson_1000000_9900_10 2 0 2 0 0 0 0 0 0 0 0 0 2 0 0 0 0 9 4 1 0
Eric_1000000_9900_10 1 0 2 0 0 0 0 0 0 1 2 0 0 1 0 0 0 0 0 0 2
Erika_1000000_9900_10 2 0 2 0 0 2 0 0 0 0 0 0 0 0 2 0 0 1 4 3 0
Patricia_1000000_9900_10 0 0 0 0 0 0 0 0 0 0 0 0 0 0 0 0 0 0 0 0 0
Judith_1000000_9900_10 0 0 0 0 0 0 0 0 2 0 0 0 0 0 0 0 0 0 0 0 0
Sandra_1000000_9900_10 0 0 0 0 0 0 0 0 0 0 0 0 0 0 0 0 0 0 0 0 0
Napoleon_1000000_9900_10 1 0 0 0 0 0 0 0 0 0 0 0 0 13 2 0 1 0 0 0 1
Dolores_1000000_9900_10 2 0 4 0 0 2 0 0 0 0 0 0 0 0 2 0 0 3 4 3 0
Eloisa_1000000_9900_10 1 0 0 0 0 0 0 0 0 1 0 0 0 1 0 0 0 0 0 0 5
Gerald_1000000_9900_10 0 0 0 1 1 0 0 0 2 3 2 0 2 1 0 0 0 0 0 0 0
Patrick_1000000_9900_10 1 0 0 0 0 0 0 8 0 1 0 0 0 1 0 8 0 0 0 0 0
Nicole_1000000_9900_10 1 0 0 0 0 0 0 0 0 1 0 0 0 1 0 0 0 0 0 0 5
Alvin_1000000_9900_10 0 0 0 0 0 0 0 0 0 0 0 0 0 0 0 0 0 0 0 0 0
Travis_1000000_9900_10 2 0 0 0 0 4 2 0 0 0 0 0 0 0 0 0 0 6 0 0 0
Tommy_1000000_9900_10 0 0 0 0 0 0 0 0 0 0 0 0 0 0 0 0 0 0 0 0 0
Timothy_1000000_9900_10 1 0 0 0 0 0 0 0 0 1 0 7 3 1 0 0 0 0 0 1 6
Paul_1000000_9900_10 2 0 20 0 0 4 2 0 0 0 0 0 0 0 2 0 0 3 4 3 0
Tonya_1000000_9900_10 1 0 0 0 0 0 0 0 0 1 0 0 0 1 0 0 0 0 0 0 2
Della_1000000_9900_10 1 0 0 0 0 0 0 0 0 1 0 0 0 1 0 0 0 0 0 0 1
Bobby_1000000_9900_10 1 0 0 0 0 0 0 0 0 1 0 0 0 1 0 0 0 0 0 0 2
Kevin_1000000_9900_10 2 0 4 0 0 4 2 0 0 0 0 0 0 0 2 0 0 3 4 3 0
Sara_1000000_9900_10 0 0 0 0 0 0 0 0 0 0 0 0 0 0 0 0 0 0 0 0 1
Brenda_1000000_9900_10 0 0 0 0 0 0 0 0 0 0 0 0 0 0 0 0 0 0 0 0 0
Edith_1000000_9900_10 0 0 0 0 0 0 0 0 0 0 0 0 0 0 0 0 0 0 0 0 0
Jonathan_1000000_9900_10 0 0 0 0 0 0 0 0 0 0 0 0 0 0 0 0 0 0 0 0 0
Cole_1000000_9900_10 1 0 0 0 0 0 0 0 0 0 0 0 0 1 0 0 1 0 0 1 6
Howard_1000000_9900_10 2 0 5 0 0 0 0 0 0 0 0 0 8 0 0 0 0 6 13 5 0
Rudolf_1000000_9900_10 2 0 0 0 0 2 2 0 0 0 0 0 0 6 0 0 0 2 0 0 0
Vincent_1000000_9900_10 1 0 0 0 0 0 0 8 0 1 0 0 0 1 0 8 0 0 0 0 0
Elda_1000000_9900_10 1 0 0 0 0 0 0 0 0 1 0 0 0 1 0 0 0 0 0 0 0
Shawn_1000000_9900_10 0 0 0 0 0 0 0 0 0 0 0 0 0 0 0 0 0 0 0 0 0
Jeff_1000000_9900_10 2 0 1 0 0 0 0 0 0 0 0 0 2 0 0 0 0 3 4 1 0
Katie_1000000_9900_10 2 0 26 0 0 8 0 0 0 0 0 0 0 0 8 0 0 4 16 12 0
Janice_1000000_9900_10 1 0 0 0 0 0 0 0 0 1 0 0 0 3 0 0 0 0 0 0 1
Joseph_1000000_9900_10 0 0 0 0 0 0 0 0 0 0 0 0 0 0 0 0 0 0 0 0 0
Debra_1000000_9900_10 1 0 0 0 0 0 0 0 0 1 0 0 0 1 0 0 0 0 0 0 5
Rachel_1000000_9900_10 0 0 0 0 0 0 0 0 0 0 0 0 0 0 0 0 0 0 0 0 0
Lorraine_1000000_9900_10 0 0 2 0 0 0 0 0 0 0 0 0 0 3 1 0 0 0 0 0 1
Janet_1000000_9900_10 0 0 0 0 0 0 0 0 0 0 0 0 0 0 0 0 0 0 0 0 0
Charles_1000000_9900_10 0 0 0 0 0 0 0 0 0 0 0 0 0 0 0 0 0 0 0 0 0
Michael_1000000_9900_10 1 0 0 0 0 0 0 0 0 1 0 0 0 1 0 0 0 0 0 0 1
Constance_1000000_9900_10 2 0 1 0 0 0 0 0 0 0 0 0 2 0 0 0 0 3 4 1 0
Selma_1000000_9900_10 1 0 0 0 0 0 0 0 0 4 3 0 2 1 0 0 0 0 0 0 2
Genevieve_1000000_9900_10 0 0 0 0 0 0 0 0 0 0 0 0 0 0 0 0 0 0 0 0 0
Helen_1000000_9900_10 0 0 0 0 0 0 0 0 0 0 0 0 0 0 0 0 0 0 0 0 0
Brian_1000000_9900_10 1 0 0 0 0 0 0 0 0 1 0 0 0 1 0 0 0 0 0 0 2
Gloria_1000000_9900_10 0 0 0 0 0 0 0 0 0 0 0 0 0 0 0 0 0 0 0 0 0
John_1000000_9900_10 0 0 0 0 0 0 0 0 0 0 0 0 0 0 0 0 0 0 0 0 0
Keith_1000000_9900_10 0 0 0 0 0 0 0 0 0 0 0 0 0 0 0 0 0 0 0 0 0
Gustavo_1000000_9900_10 0 0 0 0 0 0 0 0 0 0 0 0 0 0 0 0 0 0 0 0 0
Joshua_1000000_9900_10 1 0 0 0 0 0 0 0 0 1 0 0 0 1 0 0 0 0 0 0 2
Lynnette_1000000_9900_10 1 0 0 0 0 0 0 0 0 1 2 0 0 1 0 0 0 0 0 0 2
Agnes_1000000_9900_10 2 0 10 0 0 4 2 0 0 0 0 0 0 2 2 0 0 3 4 3 1
Eleanor_1000000_9900_10 0 0 0 0 0 0 0 0 0 0 0 0 0 0 0 0 0 0 0 0 0
Rhonda_1000000_9900_10 2 0 1 0 0 0 0 0 0 0 0 0 2 0 0 0 0 9 4 1 0
Linda_1000000_9900_10 0 0 0 0 0 0 0 0 0 0 0 0 0 0 0 0 0 0 0 0 0
Felix_1000000_9900_10 1 0 0 0 0 0 0 0 0 1 0 0 2 1 0 0 0 0 0 1 6
Louis_1000000_9900_10 0 0 2 0 0 0 0 0 0 0 0 0 0 2 0 0 0 0 0 0 1
Owen_1000000_9900_10 1 0 2 0 0 0 0 0 0 1 0 3 3 1 0 0 0 0 0 0 5
Nancy_1000000_9900_10 1 0 0 0 0 0 0 0 0 1 0 0 0 1 0 0 0 0 0 0 1
Aileen_1000000_9900_10 1 0 0 0 0 0 0 0 0 1 0 0 0 1 0 0 0 0 0 1 3
Rene_1000000_9900_10 0 0 0 0 0 0 0 0 0 0 0 0 0 0 0 0 0 0 0 0 0
Norman_1000000_9900_10 1 0 0 0 0 0 0 0 0 1 0 0 0 3 0 0 0 0 0 0 3
Joanna_1000000_9900_10 2 0 1 0 0 0 0 0 0 0 0 0 2 0 0 0 0 3 4 1 0
Cynthia_1000000_9900_10 1 0 0 0 2 0 0 0 0 1 0 0 0 1 0 0 0 0 0 0 5
Amy_1000000_9900_10 2 0 8 0 0 2 0 0 0 0 0 0 0 0 2 0 0 3 4 3 0
Marie_1000000_9900_10 0 0 0 0 0 0 0 0 0 0 0 0 0 0 0 0 0 0 0 0 0
Lori_1000000_9900_10 2 0 2 0 0 2 2 0 0 0 0 0 0 0 0 0 0 1 4 3 0
Ivan_1000000_9900_10 0 0 0 0 0 0 0 0 0 0 0 0 0 0 0 0 0 0 0 0 0
Chester_1000000_9900_10 2 0 1 0 0 0 0 0 0 0 0 0 2 0 0 0 0 1 4 1 0
Susan_1000000_9900_10 2 0 18 0 0 8 0 0 0 0 0 0 0 7 9 0 0 6 16 12 1
Terry_1000000_9900_10 2 0 1 0 0 0 0 0 0 0 0 0 2 0 0 0 0 3 4 1 0
Tamara_1000000_9900_10 0 0 0 0 0 0 0 0 0 0 0 0 0 0 0 0 0 0 0 0 0
Rose_1000000_9900_10 0 0 8 0 2 0 0 0 3 1 5 1 4 4 2 3 1 0 2 0 6
Cecil_1000000_9900_10 2 0 33 0 0 10 0 0 0 0 0 0 2 11 3 2 2 3 4 5 5
Leticia_1000000_9900_10 1 0 4 0 0 0 0 0 0 0 0 0 0 7 0 0 1 0 0 0 5
Phuong_1000000_9900_10 0 0 0 0 0 0 0 0 0 0 0 0 0 0 0 0 0 0 0 0 0
Sharon_1000000_9900_10 0 0 0 0 0 0 0 0 0 0 0 0 0 0 0 0 0 0 0 0 0
Rochelle_1000000_9900_10 0 0 0 0 0 0 0 0 0 0 0 0 0 0 0 0 0 0 0 0 0
Millard_1000000_9900_10 0 0 2 0 0 0 0 0 0 0 0 0 0 6 0 0 0 0 0 0 1
Michelle_1000000_9900_10 0 0 0 0 0 0 0 0 0 0 0 0 0 0 0 0 0 0 0 0 0
Stacey_1000000_9900_10 1 0 0 0 0 0 0 0 0 1 0 0 0 1 0 0 0 0 0 1 2
Jewell_1000000_9900_10 2 0 10 0 0 2 0 0 0 0 0 0 0 0 2 0 0 1 4 3 0
Patria_1000000_9900_10 1 0 0 0 0 0 0 0 0 3 0 0 0 1 0 0 0 0 2 0 5
Carolyn_1000000_9900_10 1 0 0 0 0 0 0 0 0 1 0 0 0 1 0 0 0 0 0 1 3
Wade_1000000_9900_10 2 0 0 0 0 0 0 0 0 0 0 0 0 0 0 0 0 2 0 0 0
Rita_1000000_9900_10 1 0 0 0 0 0 0 0 0 1 0 0 0 1 0 0 0 0 0 1 3
Frank_1000000_9900_10 0 0 0 0 0 0 0 0 0 0 0 0 0 0 0 0 0 0 0 0 0
Betty_1000000_9900_10 0 0 0 0 0 0 0 0 0 0 0 0 0 0 0 0 0 0 0 0 0
Tina_1000000_9900_10 1 0 0 0 0 0 0 0 0 1 0 0 0 1 0 0 0 0 0 0 1
Donald_1000000_9900_10 1 0 0 0 0 0 0 0 0 1 0 0 0 1 0 0 0 0 0 0 2
Melissa_1000000_9900_10 2 0 10 0 0 4 2 0 0 0 0 0 0 0 2 0 0 1 4 3 0
Christy_1000000_9900_10 1 0 0 0 0 0 0 0 0 1 0 0 0 1 0 0 0 0 0 0 5
Douglas_1000000_9900_10 1 0 0 0 0 2 0 0 2 1 0 0 0 1 0 0 0 0 0 0 5
Natasha_1000000_9900_10 1 0 0 0 0 0 0 0 0 1 0 0 0 1 0 0 0 0 0 0 0
Debby_1000000_9900_10 1 0 0 0 0 0 0 0 0 1 0 0 0 1 0 0 0 0 0 0 5
Walter_1000000_9900_10 2 0 10 0 0 16 8 0 0 0 0 0 0 0 8 0 0 9 4 3 0
Grace_1000000_9900_10 0 0 0 0 0 0 0 0 0 0 0 0 0 0 0 0 0 0 0 0 0
Scott_1000000_9900_10 0 0 0 0 0 0 0 0 0 0 0 0 0 0 0 0 0 0 0 0 0
Francine_1000000_9900_10 0 0 0 0 0 0 0 0 0 0 0 0 0 0 0 0 0 0 0 0 0
Camille_1000000_9900_10 0 0 4 0 0 0 0 0 0 0 0 0 0 6 0 0 0 0 0 0 1
Lauren_1000000_9900_10 2 0 5 0 0 0 0 0 0 0 0 0 2 8 0 0 0 3 4 1 0
Brett_1000000_9900_10 2 0 1 0 0 0 0 0 0 0 0 0 2 0 0 0 0 9 4 1 0
Jeffrey_1000000_9900_10 0 0 0 0 0 0 0 0 0 0 0 0 0 0 0 0 0 0 0 0 0
Rafael_1000000_9900_10 1 0 4 0 0 0 0 0 0 1 0 0 0 5 0 0 0 0 0 0 1
Carlos_1000000_9900_10 0 0 0 0 0 0 0 0 0 0 0 0 0 0 0 0 0 0 0 0 0
Edmundo_1000000_9900_10 0 0 2 0 0 0 0 0 0 0 0 0 0 0 0 0 0 0 0 0 0
Irmgard_1000000_9900_10 1 0 0 0 0 0 0 0 0 1 0 0 0 1 0 0 0 0 0 0 2
Sherri_1000000_9900_10 2 0 7 0 0 2 0 0 0 0 0 0 2 11 3 0 0 3 4 3 5
Jennifer_1000000_9900_10 1 0 2 0 0 0 0 0 0 1 0 5 7 10 1 2 0 0 0 0 5
Raye_1000000_9900_10 1 0 0 0 0 0 0 0 0 1 0 0 0 1 0 0 0 0 0 0 5
Darren_1000000_9900_10 2 0 0 0 0 4 2 0 0 0 0 0 0 0 0 0 0 1 2 1 0
Justin_1000000_9900_10 1 0 0 0 0 0 0 0 0 1 0 0 0 1 0 0 0 0 0 1 3
Donn_1000000_9900_10 0 0 0 0 0 0 0 0 0 0 0 0 0 0 0 0 0 0 0 0 0
Dale_1000000_9900_10 1 0 0 0 0 0 0 0 0 1 0 0 0 1 0 0 1 0 0 4 7
Anita_1000000_9900_10 1 0 0 0 0 0 0 0 0 3 0 0 0 1 0 0 0 0 0 0 2
Marjorie_1000000_9900_10 0 0 2 0 0 0 0 0 0 0 0 0 0 0 0 0 0 0 0 0 1
Myron_1000000_9900_10 2 0 4 0 0 8 0 0 0 0 0 0 0 0 2 0 0 3 4 3 1
Bonita_1000000_9900_10 2 0 4 0 0 4 2 0 0 0 0 0 0 0 2 0 0 1 4 3 0
Barb_1000000_9900_10 1 0 0 0 0 0 0 0 0 0 0 0 0 0 0 0 0 0 0 0 0
Joy_1000000_9900_10 0 0 0 0 0 0 0 0 0 0 0 0 0 0 0 0 0 0 0 0 0
Edgar_1000000_9900_10 1 1 5 0 0 0 0 0 0 1 0 0 6 14 1 8 0 0 0 0 8
Elaine_1000000_9900_10 0 0 0 0 0 0 0 0 0 0 0 0 0 0 0 0 0 0 0 0 0
Marcia_1000000_9900_10 1 0 0 0 0 0 0 0 0 1 0 0 0 1 0 0 0 0 0 0 1
Sam_1000000_9900_10 0 0 0 0 0 0 0 0 0 0 0 0 0 0 0 0 0 0 0 0 0
Lydia_1000000_9900_10 0 0 0 0 0 0 0 0 0 0 0 0 0 0 0 0 0 0 0 0 0
Bertie_1000000_9900_10 1 0 0 0 0 0 0 0 2 9 2 0 0 8 0 0 0 0 0 1 20
Steven_1000000_9900_10 1 0 0 0 0 0 2 0 0 1 0 0 0 1 0 0 0 0 0 0 1
Martha_1000000_9900_10 1 0 0 0 0 0 0 0 0 0 0 0 0 0 0 0 0 0 0 0 0
Jamie_1000000_9900_10 1 0 0 0 0 0 0 0 0 1 0 0 0 1 0 0 0 0 0 0 1
Latashia_1000000_9900_10 1 0 0 0 0 0 0 0 0 0 0 0 0 0 0 0 0 0 0 0 0
Ahmad_1000000_9900_10 1 0 0 0 0 0 0 0 0 1 0 0 0 1 0 0 0 0 0 0 5
David_1000000_9900_10 2 0 8 0 0 8 0 0 0 0 0 0 0 8 8 0 0 1 4 3 1
Brant_1000000_9900_10 0 0 0 0 0 0 0 0 0 0 0 0 0 0 0 0 0 0 0 0 0
Jan_1000000_9900_10 1 0 0 0 0 0 0 0 0 1 0 0 0 1 0 0 0 0 0 0 2
Kimberly_1000000_9900_10 0 0 0 0 0 0 0 0 0 0 0 0 0 0 0 0 0 0 0 0 0
Lucy_1000000_9900_10 1 0 0 0 0 0 0 0 0 1 0 0 0 1 0 0 0 0 0 0 5
Barbara_1000000_9900_10 0 0 0 0 0 0 0 0 0 0 0 0 0 0 0 0 0 0 0 0 0
Kelly_1000000_9900_10 0 0 0 0 0 0 0 0 0 0 0 0 1 0 1 0 0 0 0 0 0
Richard_1000000_9900_10 0 0 0 0 0 0 0 0 0 0 0 0 0 0 0 0 0 0 0 0 0
Kathleen_1000000_9900_10 2 0 5 0 0 0 0 0 0 0 0 0 2 0 0 0 0 9 4 1 0
Christopher_1000000_9900_10 0 0 0 0 0 0 0 0 0 0 0 0 0 0 0 0 0 0 0 0 0
William_1000000_9900_10 0 0 2 0 0 0 0 0 0 0 0 0 0 0 0 0 2 0 0 0 1
George_1000000_9900_10 0 0 0 0 0 0 0 0 0 0 0 0 0 0 0 0 0 0 0 0 0
Robert_1000000_9900_10 0 0 0 0 0 0 0 0 0 0 0 0 0 0 0 0 0 0 0 0 0
James_1000000_9900_10 0 0 0 0 0 0 0 0 0 0 0 0 0 0 0 0 0 0 0 0 0
Bruce_1000000_9900_10 0 0 0 0 0 0 0 0 0 0 0 0 0 0 0 0 0 0 0 0 0
Emily_1000000_9900_10 2 0 1 0 0 0 0 0 0 0 0 0 2 0 0 0 0 3 4 1 0
Peggy_1000000_9900_10 1 0 0 0 0 0 0 0 0 1 0 0 0 1 0 0 0 0 0 0 2
Max_1000000_9900_10 1 0 0 0 0 0 0 0 0 1 0 0 0 1 0 0 0 0 0 0 5
Marion_1000000_9900_10 2 0 26 0 0 8 0 0 0 0 0 0 0 0 8 0 0 4 16 10 0
Gretta_1000000_9900_10 2 0 0 0 0 0 0 0 0 0 0 0 0 0 0 0 0 0 0 0 0
Elizabeth_1000000_9900_10 0 0 0 0 0 0 0 0 0 0 0 0 0 0 0 0 0 0 0 0 0
Carmen_1000000_9900_10 2 0 1 0 0 0 0 0 0 0 0 0 2 0 0 0 0 3 4 1 0
Heather_1000000_9900_10 1 0 0 0 0 0 0 2 0 1 0 0 0 1 0 0 0 0 0 0 0
Angela_1000000_9900_10 0 0 0 0 0 0 0 0 0 0 0 0 0 0 0 0 0 0 0 0 0
Brandon_1000000_9900_10 1 0 0 0 0 0 0 0 0 1 0 1 1 1 0 0 0 0 0 0 5
Norene_1000000_9900_10 0 0 0 0 0 0 0 0 0 0 0 0 0 0 0 0 0 0 0 0 0
Willie_1000000_9900_10 2 0 1 0 0 0 0 0 0 0 0 0 2 0 0 0 0 3 4 1 0
Frances_1000000_9900_10 2 0 1 0 0 0 0 0 0 0 0 0 2 0 0 0 0 3 4 1 0
Garry_1000000_9900_10 0 0 0 0 0 0 0 0 0 0 0 0 0 0 0 0 0 0 0 0 0
Leslie_1000000_9900_10 1 0 0 0 0 0 0 0 0 1 0 0 0 1 0 0 0 0 0 0 5
Mark_1000000_9900_10 0 0 0 0 0 0 0 0 0 0 0 0 0 0 0 0 0 0 0 0 0
Margaret_1000000_9900_10 2 0 1 0 0 0 0 0 0 0 0 0 2 6 0 0 0 9 4 1 1
Thomas_2000000_9000_10 0 0 0 0 0 0 0 0 0 0 0 0 0 0 0 0 0 0 0 0 0
Jessica_2000000_9000_10 2 0 4 0 0 0 0 0 0 0 0 0 2 8 0 0 0 5 13 6 0
Laverne_2000000_9000_10 0 0 0 0 0 0 0 0 0 0 0 0 0 0 0 0 0 0 0 0 0
Irene_2000000_9000_10 1 0 0 0 0 0 0 0 0 14 6 1 3 0 0 0 0 0 0 0 0
Annette_2000000_9000_10 1 0 0 0 0 0 0 0 0 3 3 1 5 0 0 0 0 0 0 0 0
Dorothy_2000000_9000_10 0 0 0 0 0 0 0 0 0 0 0 0 0 0 0 0 0 0 0 0 0
Raymond_2000000_9000_10 1 0 0 0 0 0 0 0 0 1 0 0 1 0 0 0 0 0 0 0 2
Anthony_2000000_9000_10 1 0 0 0 0 0 0 0 0 1 7 1 3 0 0 0 0 0 0 1 1
Nelson_2000000_9000_10 2 0 1 0 0 0 0 0 0 0 0 0 2 0 0 0 0 3 4 1 0
Eric_2000000_9000_10 1 0 0 2 2 2 1 5 2 3 2 0 2 1 1 3 4 2 0 0 0
Erika_2000000_9000_10 2 0 0 0 0 2 0 0 0 0 0 0 0 0 2 0 0 1 4 3 0
Patricia_2000000_9000_10 0 0 0 0 0 0 0 0 0 0 0 0 0 0 0 0 0 0 0 0 0
Judith_2000000_9000_10 0 0 0 0 0 0 0 0 0 0 0 0 0 0 0 0 0 0 0 0 0
Sandra_2000000_9000_10 0 0 0 0 0 0 0 0 0 0 0 0 0 0 0 0 0 0 0 0 0
Napoleon_2000000_9000_10 1 0 0 0 0 0 0 0 0 0 0 0 0 4 1 0 1 0 0 0 1
Dolores_2000000_9000_10 2 0 0 0 0 8 0 0 0 0 0 0 0 0 2 0 0 3 4 3 0
Eloisa_2000000_9000_10 1 0 2 0 0 0 0 0 0 1 0 0 0 2 1 0 0 0 0 0 4
Gerald_2000000_9000_10 0 0 0 0 0 0 0 0 0 3 2 3 1 1 0 0 0 0 0 0 0
Patrick_2000000_9000_10 1 0 0 0 0 0 0 2 0 3 2 0 2 1 0 2 0 0 0 0 0
Nicole_2000000_9000_10 1 0 0 0 0 0 0 0 0 4 4 3 3 0 0 0 0 0 0 0 0
Alvin_2000000_9000_10 0 0 0 0 0 0 0 0 0 0 0 0 0 0 0 0 0 0 0 0 0
Travis_2000000_9000_10 2 0 0 0 0 0 0 0 0 0 0 0 0 0 0 0 0 0 0 0 0
Tommy_2000000_9000_10 0 0 0 0 0 0 0 0 0 0 0 0 0 0 0 0 0 0 0 0 0
Timothy_2000000_9000_10 1 0 0 0 0 0 0 0 0 1 4 0 1 2 0 0 0 0 0 1 3
Paul_2000000_9000_10 2 0 2 0 0 2 2 0 0 0 0 0 0 0 2 0 0 1 4 3 0
Tonya_2000000_9000_10 1 0 0 0 0 0 0 0 0 2 0 2 0 0 0 0 0 0 0 0 0
Della_2000000_9000_10 1 0 0 0 0 0 0 0 0 3 4 0 5 0 0 0 0 0 0 0 0
Bobby_2000000_9000_10 1 0 0 0 0 0 0 0 0 1 0 0 0 1 0 0 0 0 0 0 1
Kevin_2000000_9000_10 2 0 0 0 0 2 2 0 0 0 0 0 0 0 0 0 0 3 1 0 0
Sara_2000000_9000_10 0 0 0 0 0 0 0 0 0 0 0 0 0 0 0 0 0 0 0 0 0
Brenda_2000000_9000_10 0 0 0 0 0 0 0 0 0 0 0 0 0 0 0 0 0 0 0 0 0
Edith_2000000_9000_10 0 0 0 0 0 0 0 0 0 0 0 0 0 0 0 0 0 0 0 0 0
Jonathan_2000000_9000_10 0 0 0 0 0 0 0 0 0 0 0 0 0 0 0 0 0 0 0 0 0
Cole_2000000_9000_10 1 0 0 0 0 0 0 0 0 0 0 0 0 1 0 0 1 0 0 1 2
Howard_2000000_9000_10 2 0 1 0 0 0 0 0 0 0 0 0 2 0 0 0 0 1 4 1 0
Rudolf_2000000_9000_10 2 0 0 0 0 2 2 0 0 0 0 0 0 2 0 0 0 0 0 0 0
Vincent_2000000_9000_10 1 0 0 0 0 0 0 8 0 1 0 0 0 1 0 8 0 0 0 0 0
Elda_2000000_9000_10 1 0 0 0 0 0 0 0 0 4 0 0 0 1 0 0 0 0 0 0 1
Shawn_2000000_9000_10 0 0 0 0 0 0 0 0 0 0 0 0 0 0 0 0 0 0 0 0 0
Jeff_2000000_9000_10 2 0 1 0 0 0 0 0 0 0 0 0 0 0 0 0 0 1 4 1 0
Katie_2000000_9000_10 2 0 2 0 0 2 0 0 0 0 0 0 0 0 2 0 0 1 4 3 0
Janice_2000000_9000_10 1 0 2 0 0 0 0 0 0 1 0 0 0 2 1 0 0 0 0 0 0
Joseph_2000000_9000_10 0 0 0 0 0 0 0 0 0 0 0 0 0 0 0 0 0 0 0 0 0
Debra_2000000_9000_10 1 0 2 0 0 0 0 0 0 1 0 0 0 2 1 0 0 0 0 0 6
Rachel_2000000_9000_10 0 0 0 0 0 0 0 0 0 0 0 0 0 0 0 0 0 0 0 0 0
Lorraine_2000000_9000_10 0 0 2 0 0 0 0 0 0 0 0 0 1 0 1 0 0 0 0 0 0
Janet_2000000_9000_10 0 0 0 0 0 0 0 0 0 0 0 0 0 0 0 0 0 0 0 0 0
Charles_2000000_9000_10 0 0 0 0 0 0 0 0 0 0 0 0 0 0 0 0 0 0 0 0 0
Michael_2000000_9000_10 1 0 0 0 0 0 0 0 0 1 0 0 0 1 0 0 0 0 0 0 0
Constance_2000000_9000_10 2 0 4 0 0 0 0 0 0 0 0 0 2 0 0 0 0 5 4 1 0
Selma_2000000_9000_10 1 0 0 0 0 0 0 0 2 7 7 1 3 8 0 0 0 0 0 0 1
Genevieve_2000000_9000_10 0 0 0 0 0 0 0 0 0 0 0 0 0 0 0 0 0 0 0 0 0
Helen_2000000_9000_10 0 0 0 0 0 0 0 0 0 0 0 0 0 0 0 0 0 0 0 0 0
Brian_2000000_9000_10 1 0 0 0 0 0 0 0 0 2 0 0 0 0 0 0 0 0 0 0 0
Gloria_2000000_9000_10 0 0 0 0 0 0 0 0 0 0 0 0 0 0 0 0 0 0 0 0 0
John_2000000_9000_10 0 0 0 0 0 0 0 0 0 0 0 0 0 0 0 0 0 0 0 0 0
Keith_2000000_9000_10 0 0 0 0 0 0 0 0 0 0 0 0 0 0 0 0 0 0 0 0 0
Gustavo_2000000_9000_10 0 0 0 0 0 0 0 0 0 0 0 0 0 0 0 0 0 0 0 0 0
Joshua_2000000_9000_10 1 0 0 0 0 0 0 0 0 1 0 0 0 1 0 0 0 0 0 0 2
Lynnette_2000000_9000_10 1 0 4 3 3 2 5 5 4 1 0 0 0 1 3 3 4 8 0 0 8
Agnes_2000000_9000_10 2 0 4 0 0 2 2 0 0 0 0 0 0 2 2 0 0 3 4 3 1
Eleanor_2000000_9000_10 0 0 0 0 0 0 0 0 0 0 0 0 0 0 0 0 0 0 0 0 0
Rhonda_2000000_9000_10 2 0 1 0 0 0 0 0 0 0 0 0 2 0 0 0 0 3 4 1 0
Linda_2000000_9000_10 0 0 0 0 0 0 0 0 0 0 0 0 0 0 0 0 0 0 0 0 0
Felix_2000000_9000_10 1 0 0 0 0 0 0 0 0 3 4 0 1 0 0 0 0 0 0 1 3
Louis_2000000_9000_10 0 0 0 0 0 0 0 0 0 0 0 0 0 1 1 0 0 0 0 0 0
Owen_2000000_9000_10 1 0 3 0 2 2 1 3 2 1 0 5 3 6 1 2 2 2 0 0 4
Nancy_2000000_9000_10 1 0 0 0 0 0 0 0 0 1 0 0 0 3 0 0 0 0 0 0 0
Aileen_2000000_9000_10 1 0 0 0 0 0 0 0 0 1 0 0 0 1 0 0 0 0 0 4 6
Rene_2000000_9000_10 0 0 0 0 0 0 0 0 0 0 0 0 0 0 0 0 0 0 0 0 0
Norman_2000000_9000_10 1 0 2 0 0 0 0 0 0 1 0 0 0 2 1 0 0 0 0 0 0
Joanna_2000000_9000_10 2 0 4 0 0 0 0 0 0 0 0 0 8 0 0 0 0 4 16 4 0
Cynthia_2000000_9000_10 1 0 0 0 2 0 0 0 0 1 0 0 0 1 0 0 0 0 0 0 0
Amy_2000000_9000_10 2 0 8 0 0 0 0 0 0 0 0 0 0 0 0 0 0 1 4 3 0
Marie_2000000_9000_10 0 0 0 0 0 0 0 0 0 0 0 0 0 0 0 0 0 0 0 0 0
Lori_2000000_9000_10 2 0 0 0 0 0 0 0 0 0 0 0 0 0 0 0 0 1 4 3 0
Ivan_2000000_9000_10 0 0 0 0 0 0 0 0 0 0 0 0 0 0 0 0 0 0 0 0 0
Chester_2000000_9000_10 2 0 1 0 0 0 0 0 0 0 0 0 0 0 0 0 0 1 4 1 0
Susan_2000000_9000_10 2 0 2 0 0 2 0 0 0 0 0 0 0 3 3 0 0 4 16 12 1
Terry_2000000_9000_10 2 0 1 0 0 0 0 0 0 0 0 0 2 0 0 0 0 1 4 1 0
Tamara_2000000_9000_10 0 0 0 0 0 0 0 0 0 0 0 0 0 0 0 0 0 0 0 0 0
Rose_2000000_9000_10 0 0 3 0 0 0 0 0 0 0 0 0 1 2 1 0 0 0 0 0 3
Cecil_2000000_9000_10 2 0 5 0 0 2 0 0 0 0 0 0 1 2 3 0 0 1 4 3 3
Leticia_2000000_9000_10 1 0 2 0 0 0 0 0 0 0 0 0 0 5 0 0 1 0 0 0 1
Phuong_2000000_9000_10 0 0 0 0 0 0 0 0 0 0 0 0 0 0 0 0 0 0 0 0 0
Sharon_2000000_9000_10 0 0 0 0 0 0 0 0 0 0 0 0 0 0 0 0 0 0 0 0 0
Rochelle_2000000_9000_10 0 0 0 0 0 0 0 0 0 0 0 0 0 0 0 0 0 0 0 0 0
Millard_2000000_9000_10 0 0 0 0 0 0 0 0 0 0 0 0 0 0 0 0 0 0 0 0 0
Michelle_2000000_9000_10 0 0 0 0 0 0 0 0 0 0 0 0 0 0 0 0 0 0 0 0 0
Stacey_2000000_9000_10 1 0 0 0 0 0 0 0 0 1 1 1 1 6 0 0 0 0 0 1 2
Jewell_2000000_9000_10 2 0 2 0 0 2 0 0 0 0 0 0 0 0 0 0 0 1 4 3 0
Patria_2000000_9000_10 1 0 0 0 0 0 0 0 0 3 0 0 0 1 0 0 0 0 8 0 1
Carolyn_2000000_9000_10 1 0 1 0 0 0 0 0 0 1 0 0 0 1 0 0 0 0 0 4 8
Wade_2000000_9000_10 2 0 0 0 0 0 0 0 0 0 0 0 0 0 0 0 0 0 0 0 0
Rita_2000000_9000_10 1 0 0 0 0 0 0 0 0 1 0 0 0 1 0 0 0 0 0 1 3
Frank_2000000_9000_10 0 0 0 0 0 0 0 0 0 0 0 0 0 0 0 0 0 0 0 0 0
Betty_2000000_9000_10 0 0 0 0 0 0 0 0 0 0 0 0 0 0 0 0 0 0 0 0 0
Tina_2000000_9000_10 1 0 0 0 0 0 0 0 0 1 0 0 0 1 0 0 0 0 0 0 1
Donald_2000000_9000_10 1 0 0 0 0 0 0 0 0 1 0 0 0 1 0 0 0 0 0 0 2
Melissa_2000000_9000_10 2 0 2 0 0 4 2 0 0 0 0 0 0 0 2 0 0 1 4 3 0
Christy_2000000_9000_10 1 0 0 0 0 0 0 0 0 1 0 0 0 1 0 0 0 0 0 0 2
Douglas_2000000_9000_10 1 0 2 0 0 2 0 0 10 1 0 1 1 1 0 0 0 0 0 0 8
Natasha_2000000_9000_10 1 0 0 0 0 0 0 0 0 1 0 0 0 1 0 0 0 0 0 0 0
Debby_2000000_9000_10 1 0 0 0 0 0 0 0 0 1 3 1 1 0 0 0 0 0 0 0 0
Walter_2000000_9000_10 2 0 2 0 0 4 2 0 0 0 0 0 0 0 2 0 0 1 4 3 0
Grace_2000000_9000_10 0 0 0 0 0 0 0 0 0 0 0 0 0 0 0 0 0 0 0 0 0
Scott_2000000_9000_10 0 0 0 0 0 0 0 0 0 0 0 0 0 0 0 0 0 0 0 0 0
Francine_2000000_9000_10 0 0 0 0 0 0 0 0 0 0 0 0 0 0 0 0 0 0 0 0 0
Camille_2000000_9000_10 0 0 2 0 0 0 0 0 0 0 0 0 0 4 0 0 0 0 0 0 1
Lauren_2000000_9000_10 2 0 3 0 0 0 0 0 0 0 0 0 2 2 0 0 0 4 13 5 0
Brett_2000000_9000_10 2 0 1 0 0 0 0 0 0 0 0 0 2 0 0 0 0 3 4 1 0
Jeffrey_2000000_9000_10 0 0 0 0 0 0 0 0 0 0 0 0 0 0 0 0 0 0 0 0 0
Rafael_2000000_9000_10 1 0 0 1 0 0 0 0 0 1 0 0 0 4 1 0 0 0 0 0 3
Carlos_2000000_9000_10 0 0 0 0 0 0 0 0 0 0 0 0 0 0 0 0 0 0 0 0 0
Edmundo_2000000_9000_10 0 0 0 0 0 0 0 0 0 0 0 0 0 0 0 0 0 0 0 0 0
Irmgard_2000000_9000_10 1 0 0 0 0 0 0 0 0 1 0 0 0 1 0 0 0 0 0 0 1
Sherri_2000000_9000_10 2 0 3 0 0 2 0 0 0 0 0 0 1 2 3 0 0 1 4 3 3
Jennifer_2000000_9000_10 1 0 3 0 2 0 0 0 3 4 0 3 2 9 1 3 1 0 2 0 6
Raye_2000000_9000_10 1 0 0 0 0 0 0 0 0 1 0 0 0 1 0 0 0 0 0 0 2
Darren_2000000_9000_10 2 0 0 0 0 2 2 0 0 0 0 0 0 0 0 0 0 2 0 0 0
Justin_2000000_9000_10 1 0 0 0 0 0 0 0 0 1 0 0 0 1 0 0 0 0 0 1 3
Donn_2000000_9000_10 0 0 0 0 0 0 0 0 0 0 0 0 0 0 0 0 0 0 0 0 0
Dale_2000000_9000_10 1 0 0 0 0 0 0 0 0 1 2 0 1 0 0 0 0 0 0 1 1
Anita_2000000_9000_10 1 0 0 0 0 0 0 0 0 3 2 0 2 1 0 0 0 0 0 0 2
Marjorie_2000000_9000_10 0 0 0 0 0 0 0 0 0 0 0 0 0 0 0 0 0 0 0 0 0
Myron_2000000_9000_10 2 0 0 0 0 2 0 0 0 0 0 0 0 0 2 0 0 1 4 3 0
Bonita_2000000_9000_10 2 0 0 0 0 4 2 0 0 0 0 0 0 0 0 0 0 1 4 3 0
Barb_2000000_9000_10 1 0 0 0 0 0 0 0 0 0 0 0 0 0 0 0 0 0 0 0 0
Joy_2000000_9000_10 0 0 0 0 0 0 0 0 0 0 0 0 0 0 0 0 0 0 0 0 0
Edgar_2000000_9000_10 1 0 2 3 4 2 2 0 1 3 9 4 10 9 5 4 2 3 3 4 2
Elaine_2000000_9000_10 0 0 0 0 0 0 0 0 0 0 0 0 0 0 0 0 0 0 0 0 0
Marcia_2000000_9000_10 1 0 0 0 0 0 0 0 0 3 2 0 3 0 0 0 0 0 0 0 0
Sam_2000000_9000_10 0 0 0 0 0 0 0 0 0 0 0 0 0 0 0 0 0 0 0 0 0
Lydia_2000000_9000_10 0 0 0 0 0 0 0 0 0 0 0 0 0 0 0 0 0 0 0 0 0
Bertie_2000000_9000_10 1 0 0 0 0 0 0 0 0 4 0 0 0 8 1 4 2 2 0 0 4
Steven_2000000_9000_10 1 0 0 0 0 0 2 0 0 1 2 0 0 3 0 0 0 0 0 0 0
Martha_2000000_9000_10 1 0 0 0 0 0 0 0 0 0 0 0 0 0 0 0 0 0 0 0 0
Jamie_2000000_9000_10 1 0 0 0 0 0 0 0 0 1 0 0 0 1 0 0 0 0 0 0 1
Latashia_2000000_9000_10 1 0 0 0 0 0 0 0 0 0 0 0 0 0 0 0 0 0 0 0 0
Ahmad_2000000_9000_10 1 0 2 0 0 0 0 0 0 1 0 0 0 2 1 0 0 0 0 0 0
David_2000000_9000_10 2 0 0 0 0 2 0 0 0 0 0 0 0 2 2 0 0 1 4 3 0
Brant_2000000_9000_10 0 0 0 0 0 0 0 0 0 0 0 0 0 0 0 0 0 0 0 0 0
Jan_2000000_9000_10 1 0 0 0 0 0 0 0 0 3 2 0 0 1 0 0 0 0 0 0 2
Kimberly_2000000_9000_10 0 0 0 0 0 0 0 0 0 0 0 0 0 0 0 0 0 0 0 0 0
Lucy_2000000_9000_10 1 0 0 0 0 0 1 1 2 1 0 0 0 1 0 0 0 0 0 0 2
Barbara_2000000_9000_10 0 0 0 0 0 0 0 0 0 0 0 0 0 0 0 0 0 0 0 0 0
Kelly_2000000_9000_10 0 0 0 0 0 0 0 0 0 0 0 0 0 0 0 0 0 0 0 0 0
Richard_2000000_9000_10 0 0 0 0 0 0 0 0 0 0 0 0 0 0 0 0 0 0 0 0 0
Kathleen_2000000_9000_10 2 0 5 0 0 0 0 0 0 0 0 0 2 0 0 0 0 5 4 1 0
Christopher_2000000_9000_10 0 0 0 0 0 0 0 0 0 0 0 0 0 0 0 0 0 0 0 0 0
William_2000000_9000_10 0 0 0 0 0 0 0 0 0 0 0 0 0 0 0 0 0 0 0 0 0
George_2000000_9000_10 0 0 0 0 0 0 0 0 0 0 0 0 0 0 0 0 0 0 0 0 0
Robert_2000000_9000_10 0 0 0 0 0 0 0 0 0 0 0 0 0 0 0 0 0 0 0 0 0
James_2000000_9000_10 0 0 0 0 0 0 0 0 0 0 0 0 0 0 0 0 0 0 0 0 0
Bruce_2000000_9000_10 0 0 0 0 0 0 0 0 0 0 0 0 0 0 0 0 0 0 0 0 0
Emily_2000000_9000_10 2 0 1 0 0 0 0 0 0 0 0 0 2 0 0 0 0 1 4 1 0
Peggy_2000000_9000_10 1 0 0 0 0 0 0 0 0 1 0 0 1 6 0 0 0 0 0 0 2
Max_2000000_9000_10 1 0 0 0 0 0 0 0 0 1 0 0 0 1 0 0 0 0 0 0 0
Marion_2000000_9000_10 2 0 2 0 0 2 0 0 0 0 0 0 0 0 2 0 0 1 4 3 0
Gretta_2000000_9000_10 2 0 0 0 0 0 0 0 0 0 0 0 0 0 0 0 0 0 0 0 0
Elizabeth_2000000_9000_10 0 0 0 0 0 0 0 0 0 0 0 0 0 0 0 0 0 0 0 0 0
Carmen_2000000_9000_10 2 0 1 0 0 0 0 0 0 0 0 0 2 0 0 0 0 1 4 1 0
Heather_2000000_9000_10 1 0 0 0 0 0 0 8 0 1 0 0 0 1 0 0 0 0 0 0 0
Angela_2000000_9000_10 0 0 0 0 0 0 0 0 0 0 0 0 0 0 0 0 0 0 0 0 0
Brandon_2000000_9000_10 1 0 0 0 0 0 0 0 0 1 2 0 1 2 0 0 0 0 0 0 2
Norene_2000000_9000_10 0 0 0 0 0 0 0 0 0 0 0 0 0 0 0 0 0 0 0 0 0
Willie_2000000_9000_10 2 0 1 0 0 0 0 0 0 0 0 0 2 0 0 0 0 1 4 1 0
Frances_2000000_9000_10 2 0 4 0 0 0 0 0 0 0 0 0 8 0 0 0 0 4 16 4 0
Garry_2000000_9000_10 0 0 0 0 0 0 0 0 0 0 0 0 0 0 0 0 0 0 0 0 0
Leslie_2000000_9000_10 1 0 0 0 0 0 0 0 0 1 4 0 1 4 0 0 0 0 0 0 2
Mark_2000000_9000_10 0 0 0 0 0 0 0 0 0 0 0 0 0 0 0 0 0 0 0 0 0
Margaret_2000000_9000_10 2 0 1 0 0 0 0 0 0 0 0 0 2 0 0 0 0 1 4 1 0
Thomas_1000000_9000_5 0 0 2 0 0 0 0 0 0 0 0 0 1 0 1 0 0 0 0 0 3
Jessica_1000000_9000_5 2 0 4 0 0 0 0 0 0 0 0 0 2 8 0 0 0 6 14 6 0
Laverne_1000000_9000_5 0 0 0 0 0 0 0 0 0 0 0 0 0 0 0 0 0 0 0 0 0
Irene_1000000_9000_5 1 0 0 0 0 0 0 0 0 51 0 0 0 1 0 0 0 0 0 0 1
Annette_1000000_9000_5 1 0 0 0 0 0 0 0 0 1 0 0 0 1 0 0 0 0 0 0 2
Dorothy_1000000_9000_5 0 0 0 0 0 0 0 0 0 0 0 0 0 0 0 0 0 0 0 0 0
Raymond_1000000_9000_5 1 0 0 0 0 0 0 0 0 1 0 0 0 1 0 0 0 0 0 0 5
Anthony_1000000_9000_5 1 0 0 0 0 0 0 0 0 3 7 1 5 0 0 0 0 0 0 1 1
Nelson_1000000_9000_5 2 0 1 0 0 0 0 0 0 0 0 0 2 0 0 0 0 1 4 3 0
Eric_1000000_9000_5 1 0 0 0 0 0 0 0 0 0 2 3 3 0 0 0 0 0 0 0 0
Erika_1000000_9000_5 2 0 8 0 0 2 0 0 0 0 0 0 0 0 2 0 0 3 4 3 0
Patricia_1000000_9000_5 0 0 0 0 0 0 0 0 0 0 0 0 0 0 0 0 0 0 0 0 0
Judith_1000000_9000_5 0 0 0 0 0 0 0 0 0 0 0 0 0 0 0 0 0 0 0 0 0
Sandra_1000000_9000_5 0 0 0 0 0 0 0 0 0 0 0 0 0 0 0 0 0 0 0 0 0
Napoleon_1000000_9000_5 1 0 0 0 0 0 0 0 0 0 0 0 0 8 1 0 1 0 0 0 1
Dolores_1000000_9000_5 2 0 10 0 0 8 0 0 0 0 0 0 0 0 8 0 0 9 4 3 0
Eloisa_1000000_9000_5 1 0 0 0 0 0 0 0 0 1 0 0 0 1 0 0 0 0 0 0 5
Gerald_1000000_9000_5 0 0 0 1 1 0 0 0 0 1 0 0 2 1 0 0 0 0 0 0 0
Patrick_1000000_9000_5 1 0 0 0 0 0 0 8 0 1 0 0 0 1 0 8 0 0 0 0 0
Nicole_1000000_9000_5 1 0 0 0 0 0 0 0 0 1 0 0 0 1 0 0 0 0 0 0 5
Alvin_1000000_9000_5 0 0 0 0 0 0 0 0 0 0 0 0 0 0 0 0 0 0 0 0 0
Travis_1000000_9000_5 2 0 0 0 0 0 2 0 0 0 0 0 0 0 0 0 0 0 0 0 0
Tommy_1000000_9000_5 0 0 0 0 0 0 0 0 0 0 0 0 0 0 0 0 0 0 0 0 0
Timothy_1000000_9000_5 1 0 0 0 0 0 0 0 0 1 0 3 1 1 0 0 0 0 0 1 6
Paul_1000000_9000_5 2 0 18 0 0 4 2 0 0 0 0 0 0 0 2 0 0 1 4 3 0
Tonya_1000000_9000_5 1 0 0 0 0 0 0 0 0 2 0 2 0 0 0 0 0 0 0 0 0
Della_1000000_9000_5 1 0 0 0 0 0 0 0 0 1 0 0 0 1 0 0 0 0 0 0 1
Bobby_1000000_9000_5 1 0 0 0 0 0 0 0 0 1 0 0 0 1 0 0 0 0 0 0 2
Kevin_1000000_9000_5 2 0 2 0 0 4 2 0 0 0 0 0 0 0 0 0 0 3 1 0 0
Sara_1000000_9000_5 0 0 0 0 0 0 0 0 0 0 0 0 0 0 0 0 0 0 0 0 0
Brenda_1000000_9000_5 0 0 0 0 0 0 0 0 0 0 0 0 0 0 0 0 0 0 0 0 0
Edith_1000000_9000_5 0 0 0 0 0 0 0 0 0 0 0 0 0 0 0 0 0 0 0 0 0
Jonathan_1000000_9000_5 0 0 0 0 0 0 0 0 0 0 0 0 0 0 0 0 0 0 0 0 0
Cole_1000000_9000_5 1 0 0 0 0 0 0 0 0 0 0 0 0 1 0 0 1 0 0 1 3
Howard_1000000_9000_5 2 0 5 0 0 0 0 0 0 0 0 0 8 0 0 0 0 6 16 4 0
Rudolf_1000000_9000_5 2 0 0 0 0 2 2 0 0 0 0 0 0 4 0 0 0 0 0 0 0
Vincent_1000000_9000_5 1 0 0 0 0 0 0 8 0 1 0 0 0 1 0 8 0 0 0 0 0
Elda_1000000_9000_5 1 0 0 0 0 0 0 0 0 1 0 0 0 1 0 0 0 0 0 0 0
Shawn_1000000_9000_5 0 0 0 0 0 0 0 0 0 0 0 0 0 0 0 0 0 0 0 0 0
Jeff_1000000_9000_5 2 0 1 0 0 0 0 0 0 0 0 0 0 0 0 0 0 1 4 1 0
Katie_1000000_9000_5 2 0 10 0 0 8 0 0 0 0 0 0 0 0 8 0 0 1 4 3 0
Janice_1000000_9000_5 1 0 0 0 0 0 0 0 0 1 0 0 0 1 0 0 0 0 0 0 0
Joseph_1000000_9000_5 0 0 0 0 0 0 0 0 0 0 0 0 0 0 0 0 0 0 0 0 0
Debra_1000000_9000_5 1 0 0 0 0 0 0 0 0 1 0 0 0 1 0 0 0 0 0 0 2
Rachel_1000000_9000_5 0 0 0 0 0 0 0 0 0 0 0 0 0 0 0 0 0 0 0 0 0
Lorraine_1000000_9000_5 0 0 0 0 0 0 0 0 0 0 0 0 0 0 0 0 0 0 0 0 0
Janet_1000000_9000_5 0 0 0 0 0 0 0 0 0 0 0 0 0 0 0 0 0 0 0 0 0
Charles_1000000_9000_5 0 0 0 0 0 0 0 0 0 0 0 0 0 0 0 0 0 0 0 0 0
Michael_1000000_9000_5 1 0 0 0 0 0 0 0 0 1 0 0 0 1 0 0 0 0 0 0 0
Constance_1000000_9000_5 2 0 4 0 0 0 0 0 0 0 0 0 2 0 0 0 0 9 4 1 0
Selma_1000000_9000_5 1 0 0 0 0 0 0 0 0 4 3 0 2 1 0 0 0 0 0 0 2
Genevieve_1000000_9000_5 0 0 0 0 0 0 0 0 0 0 0 0 0 0 0 0 0 0 0 0 0
Helen_1000000_9000_5 0 0 0 0 0 0 0 0 0 0 0 0 0 0 0 0 0 0 0 0 0
Brian_1000000_9000_5 1 0 0 0 0 0 0 0 0 1 0 0 0 1 0 0 0 0 0 0 2
Gloria_1000000_9000_5 0 0 0 0 0 0 0 0 0 0 0 0 0 0 0 0 0 0 0 0 0
John_1000000_9000_5 0 0 0 0 0 0 0 0 0 0 0 0 0 0 0 0 0 0 0 0 0
Keith_1000000_9000_5 0 0 0 0 0 0 0 0 0 0 0 0 0 0 0 0 0 0 0 0 0
Gustavo_1000000_9000_5 0 0 0 0 0 0 0 0 0 0 0 0 0 0 0 0 0 0 0 0 0
Joshua_1000000_9000_5 1 0 0 0 0 0 0 0 0 1 0 0 0 1 0 0 0 0 0 0 2
Lynnette_1000000_9000_5 1 0 0 0 0 0 0 0 0 1 2 0 0 1 0 0 0 0 0 0 2
Agnes_1000000_9000_5 2 0 10 0 0 4 2 0 0 0 0 0 0 2 2 0 0 3 4 3 1
Eleanor_1000000_9000_5 0 0 0 0 0 0 0 0 0 0 0 0 0 0 0 0 0 0 0 0 0
Rhonda_1000000_9000_5 2 0 1 0 0 0 0 0 0 0 0 0 2 0 0 0 0 9 4 1 0
Linda_1000000_9000_5 0 0 0 0 0 0 0 0 0 0 0 0 0 0 0 0 0 0 0 0 0
Felix_1000000_9000_5 1 0 0 0 0 0 0 0 0 1 0 0 0 1 0 0 0 0 0 1 6
Louis_1000000_9000_5 0 0 2 0 0 0 0 0 0 0 0 0 0 0 0 0 0 0 0 0 0
Owen_1000000_9000_5 1 0 0 0 0 0 0 0 0 1 0 0 0 1 0 0 0 0 0 0 5
Nancy_1000000_9000_5 1 0 0 0 0 0 0 0 0 1 0 0 0 1 0 0 0 0 0 0 1
Aileen_1000000_9000_5 1 0 0 0 0 0 0 0 0 1 0 0 0 1 0 0 0 0 0 1 3
Rene_1000000_9000_5 0 0 0 0 0 0 0 0 0 0 0 0 0 0 0 0 0 0 0 0 0
Norman_1000000_9000_5 1 0 2 0 0 0 0 0 0 1 0 0 0 2 1 0 0 0 0 0 1
Joanna_1000000_9000_5 2 0 1 0 0 0 0 0 0 0 0 0 2 0 0 0 0 3 4 1 0
Cynthia_1000000_9000_5 1 0 0 0 2 0 0 0 0 1 0 0 0 1 0 0 0 0 0 0 0
Amy_1000000_9000_5 2 0 2 0 0 0 0 0 0 0 0 0 0 0 0 0 0 1 1 0 0
Marie_1000000_9000_5 0 0 0 0 0 0 0 0 0 0 0 0 0 0 0 0 0 0 0 0 0
Lori_1000000_9000_5 2 0 0 0 0 0 0 0 0 0 0 0 0 0 0 0 0 1 4 3 0
Ivan_1000000_9000_5 0 0 0 0 0 0 0 0 0 0 0 0 0 0 0 0 0 0 0 0 0
Chester_1000000_9000_5 2 0 1 0 0 0 0 0 0 0 0 0 2 0 0 0 0 1 4 1 0
Susan_1000000_9000_5 2 0 18 0 0 8 0 0 0 0 0 0 0 3 9 0 0 4 16 12 1
Terry_1000000_9000_5 2 0 1 0 0 0 0 0 0 0 0 0 2 0 0 0 0 1 4 1 0
Tamara_1000000_9000_5 0 0 0 0 0 0 0 0 0 0 0 0 0 0 0 0 0 0 0 0 0
Rose_1000000_9000_5 0 0 3 0 0 0 0 0 0 0 0 0 1 2 1 0 0 0 0 0 3
Cecil_1000000_9000_5 2 0 15 0 0 8 0 0 0 0 0 0 0 7 3 0 0 3 4 3 5
Leticia_1000000_9000_5 1 0 2 0 0 0 0 0 0 0 0 0 0 5 0 0 1 0 0 0 1
Phuong_1000000_9000_5 0 0 0 0 0 0 0 0 0 0 0 0 0 0 0 0 0 0 0 0 0
Sharon_1000000_9000_5 0 0 0 0 0 0 0 0 0 0 0 0 0 0 0 0 0 0 0 0 0
Rochelle_1000000_9000_5 0 0 0 0 0 0 0 0 0 0 0 0 0 0 0 0 0 0 0 0 0
Millard_1000000_9000_5 0 0 0 0 0 0 0 0 0 0 0 0 0 0 0 0 0 0 0 0 0
Michelle_1000000_9000_5 0 0 0 0 0 0 0 0 0 0 0 0 0 0 0 0 0 0 0 0 0
Stacey_1000000_9000_5 1 0 0 0 0 0 0 0 0 1 0 0 0 1 0 0 0 0 0 1 2
Jewell_1000000_9000_5 2 0 10 0 0 2 0 0 0 0 0 0 0 0 2 0 0 1 4 3 0
Patria_1000000_9000_5 1 0 0 0 0 0 0 0 0 1 0 0 0 1 0 0 0 0 2 0 2
Carolyn_1000000_9000_5 1 0 0 0 0 0 0 0 0 1 0 0 0 1 0 0 0 0 0 1 3
Wade_1000000_9000_5 2 0 0 0 0 0 0 0 0 0 0 0 0 0 0 0 0 0 0 0 0
Rita_1000000_9000_5 1 0 0 0 0 0 0 0 0 1 0 0 0 1 0 0 0 0 0 1 3
Frank_1000000_9000_5 0 0 0 0 0 0 0 0 0 0 0 0 0 0 0 0 0 0 0 0 0
Betty_1000000_9000_5 0 0 0 0 0 0 0 0 0 0 0 0 0 0 0 0 0 0 0 0 0
Tina_1000000_9000_5 1 0 0 0 0 0 0 0 0 1 0 0 0 1 0 0 0 0 0 0 0
Donald_1000000_9000_5 1 0 0 0 0 0 0 0 0 1 0 0 0 1 0 0 0 0 0 0 2
Melissa_1000000_9000_5 2 0 4 0 0 4 2 0 0 0 0 0 0 0 2 0 0 1 4 3 0
Christy_1000000_9000_5 1 0 0 0 0 0 0 0 0 1 0 0 0 1 0 0 0 0 0 0 2
Douglas_1000000_9000_5 1 0 0 0 0 2 0 0 2 1 0 0 0 1 0 0 0 0 0 0 2
Natasha_1000000_9000_5 1 0 0 0 0 0 0 0 0 1 0 0 0 1 0 0 0 0 0 0 0
Debby_1000000_9000_5 1 0 0 0 0 0 0 0 0 1 0 0 0 1 0 0 0 0 0 0 5
Walter_1000000_9000_5 2 0 10 0 0 16 2 0 0 0 0 0 0 0 8 0 0 10 7 3 0
Grace_1000000_9000_5 0 0 0 0 0 0 0 0 0 0 0 0 0 0 0 0 0 0 0 0 0
Scott_1000000_9000_5 0 0 0 0 0 0 0 0 0 0 0 0 0 0 0 0 0 0 0 0 0
Francine_1000000_9000_5 0 0 0 0 0 0 0 0 0 0 0 0 0 0 0 0 0 0 0 0 0
Camille_1000000_9000_5 0 0 2 0 0 0 0 0 0 0 0 0 0 4 0 0 0 0 0 0 1
Lauren_1000000_9000_5 2 0 3 0 0 0 0 0 0 0 0 0 8 5 1 0 0 10 16 6 0
Brett_1000000_9000_5 2 0 1 0 0 0 0 0 0 0 0 0 2 0 0 0 0 1 4 3 0
Jeffrey_1000000_9000_5 0 0 0 0 0 0 0 0 0 0 0 0 0 0 0 0 0 0 0 0 0
Rafael_1000000_9000_5 1 0 2 0 0 0 0 0 0 1 0 0 0 3 0 0 0 0 0 0 1
Carlos_1000000_9000_5 0 0 0 0 0 0 0 0 0 0 0 0 0 0 0 0 0 0 0 0 0
Edmundo_1000000_9000_5 0 0 0 0 0 0 0 0 0 0 0 0 0 0 0 0 0 0 0 0 0
Irmgard_1000000_9000_5 1 0 0 0 0 0 0 0 0 1 0 0 0 1 0 0 0 0 0 0 1
Sherri_1000000_9000_5 2 0 3 0 0 2 0 0 0 0 0 0 0 7 3 0 0 1 4 3 3
Jennifer_1000000_9000_5 1 0 2 0 0 0 0 0 0 1 0 3 3 10 1 2 0 0 0 0 5
Raye_1000000_9000_5 1 0 0 0 0 0 0 0 0 1 0 0 0 1 0 0 0 0 0 0 2
Darren_1000000_9000_5 2 0 0 0 0 2 2 0 0 0 0 0 0 0 0 0 0 2 0 0 0
Justin_1000000_9000_5 1 0 0 0 0 0 0 0 0 1 0 0 0 1 0 0 0 0 0 1 3
Donn_1000000_9000_5 0 0 0 0 0 0 0 0 0 0 0 0 0 0 0 0 0 0 0 0 0
Dale_1000000_9000_5 1 0 0 0 0 0 0 0 0 2 1 0 1 0 0 0 0 0 0 1 1
Anita_1000000_9000_5 1 0 0 0 0 0 0 0 0 3 0 0 0 1 0 0 0 0 0 0 2
Marjorie_1000000_9000_5 0 0 0 0 0 0 0 0 0 0 0 0 0 0 0 0 0 0 0 0 0
Myron_1000000_9000_5 2 0 4 0 0 8 0 0 0 0 0 0 0 0 2 0 0 3 4 3 0
Bonita_1000000_9000_5 2 0 4 0 0 4 2 0 0 0 0 0 0 0 2 0 0 1 4 3 0
Barb_1000000_9000_5 1 0 0 0 0 0 0 0 0 0 0 0 0 0 0 0 0 0 0 0 0
Joy_1000000_9000_5 0 0 0 0 0 0 0 0 0 0 0 0 0 0 0 0 0 0 0 0 0
Edgar_1000000_9000_5 1 0 3 0 0 0 0 0 0 1 0 0 2 10 1 8 0 0 0 0 6
Elaine_1000000_9000_5 0 0 0 0 0 0 0 0 0 0 0 0 0 0 0 0 0 0 0 0 0
Marcia_1000000_9000_5 1 0 0 0 0 0 0 0 0 2 3 0 2 1 0 0 0 0 0 0 0
Sam_1000000_9000_5 0 0 0 0 0 0 0 0 0 0 0 0 0 0 0 0 0 0 0 0 0
Lydia_1000000_9000_5 0 0 0 0 0 0 0 0 0 0 0 0 0 0 0 0 0 0 0 0 0
Bertie_1000000_9000_5 1 0 0 0 0 0 0 0 0 4 0 0 0 4 1 0 0 0 0 0 9
Steven_1000000_9000_5 1 0 0 0 0 0 2 0 0 1 0 0 0 1 0 0 0 0 0 0 0
Martha_1000000_9000_5 1 0 0 0 0 0 0 0 0 0 0 0 0 0 0 0 0 0 0 0 0
Jamie_1000000_9000_5 1 0 0 0 0 0 0 0 0 1 0 0 0 1 0 0 0 0 0 0 1
Latashia_1000000_9000_5 1 0 0 0 0 0 0 0 0 0 0 0 0 0 0 0 0 0 0 0 0
Ahmad_1000000_9000_5 1 0 2 0 0 0 0 0 0 1 0 0 0 2 1 0 0 0 0 0 2
David_1000000_9000_5 2 0 10 0 0 8 0 0 0 0 0 0 0 2 8 0 0 1 4 3 0
Brant_1000000_9000_5 0 0 0 0 0 0 0 0 0 0 0 0 0 0 0 0 0 0 0 0 0
Jan_1000000_9000_5 1 0 0 0 0 0 0 0 0 1 0 0 0 1 0 0 0 0 0 0 2
Kimberly_1000000_9000_5 0 0 0 0 0 0 0 0 0 0 0 0 0 0 0 0 0 0 0 0 0
Lucy_1000000_9000_5 1 0 0 0 0 2 0 2 2 1 0 0 0 1 0 0 2 0 0 0 5
Barbara_1000000_9000_5 0 0 0 0 0 0 0 0 0 0 0 0 0 0 0 0 0 0 0 0 0
Kelly_1000000_9000_5 0 0 0 0 0 0 0 0 0 0 0 0 1 0 1 0 0 0 0 0 0
Richard_1000000_9000_5 0 0 0 0 0 0 0 0 0 0 0 0 0 0 0 0 0 0 0 0 0
Kathleen_1000000_9000_5 2 0 5 0 0 0 0 0 0 0 0 0 2 0 0 0 0 9 4 1 0
Christopher_1000000_9000_5 0 0 0 0 0 0 0 0 0 0 0 0 0 0 0 0 0 0 0 0 0
William_1000000_9000_5 0 0 2 0 0 0 0 0 0 0 0 0 0 0 0 0 0 0 0 0 1
George_1000000_9000_5 0 0 0 0 0 0 0 0 0 0 0 0 0 0 0 0 0 0 0 0 0
Robert_1000000_9000_5 0 0 0 0 0 0 0 0 0 0 0 0 0 0 0 0 0 0 0 0 0
James_1000000_9000_5 0 0 0 0 0 0 0 0 0 0 0 0 0 0 0 0 0 0 0 0 0
Bruce_1000000_9000_5 0 0 0 0 0 0 0 0 0 0 0 0 0 0 0 0 0 0 0 0 0
Emily_1000000_9000_5 2 0 1 0 0 0 0 0 0 0 0 0 2 0 0 0 0 3 4 1 0
Peggy_1000000_9000_5 1 0 0 0 0 0 0 0 0 1 0 0 0 1 0 0 0 0 0 0 2
Max_1000000_9000_5 1 0 0 0 0 0 0 0 0 1 0 0 0 1 0 0 0 0 0 0 2
Marion_1000000_9000_5 2 0 10 0 0 8 0 0 0 0 0 0 0 0 8 0 0 1 4 3 0
Gretta_1000000_9000_5 2 0 0 0 0 0 0 0 0 0 0 0 0 0 0 0 0 0 0 0 0
Elizabeth_1000000_9000_5 0 0 0 0 0 0 0 0 0 0 0 0 0 0 0 0 0 0 0 0 0
Carmen_1000000_9000_5 2 0 1 0 0 0 0 0 0 0 0 0 2 0 0 0 0 9 4 1 0
Heather_1000000_9000_5 1 0 0 0 0 0 0 2 0 1 0 0 0 1 0 0 0 0 0 0 0
Angela_1000000_9000_5 0 0 0 0 0 0 0 0 0 0 0 0 0 0 0 0 0 0 0 0 0
Brandon_1000000_9000_5 1 0 0 0 0 0 0 0 0 1 0 0 0 1 0 0 0 0 0 0 5
Norene_1000000_9000_5 0 0 0 0 0 0 0 0 0 0 0 0 0 0 0 0 0 0 0 0 0
Willie_1000000_9000_5 2 0 1 0 0 0 0 0 0 0 0 0 2 0 0 0 0 1 4 1 0
Frances_1000000_9000_5 2 0 4 0 0 0 0 0 0 0 0 0 8 0 0 0 0 6 16 4 0
Garry_1000000_9000_5 0 0 0 0 0 0 0 0 0 0 0 0 0 0 0 0 0 0 0 0 0
Leslie_1000000_9000_5 1 0 0 0 0 0 0 0 0 1 0 0 0 1 0 0 0 0 0 0 2
Mark_1000000_9000_5 0 0 0 0 0 0 0 0 0 0 0 0 0 0 0 0 0 0 0 0 0
Margaret_1000000_9000_5 2 0 1 0 0 0 0 0 0 0 0 0 2 0 0 0 0 3 4 1 0
Thomas_1000000_9000_10 0 0 0 0 0 0 0 0 0 0 0 0 0 0 0 0 0 0 0 0 0
Jessica_1000000_9000_10 2 0 4 0 0 0 0 0 0 0 0 0 2 8 0 0 0 7 13 6 0
Laverne_1000000_9000_10 0 0 0 0 0 0 0 0 0 0 0 0 0 0 0 0 0 0 0 0 0
Irene_1000000_9000_10 1 0 0 0 0 0 0 0 0 51 0 0 0 1 0 0 0 0 0 0 1
Annette_1000000_9000_10 1 0 0 0 0 0 0 0 0 2 4 1 5 0 0 0 0 0 0 0 0
Dorothy_1000000_9000_10 0 0 0 0 0 0 0 0 0 0 0 0 0 0 0 0 0 0 0 0 0
Raymond_1000000_9000_10 1 0 0 0 0 0 0 0 0 1 0 0 1 0 0 0 0 0 0 0 2
Anthony_1000000_9000_10 1 0 0 0 0 0 0 0 0 1 7 1 3 0 0 0 0 0 0 1 1
Nelson_1000000_9000_10 2 0 1 0 0 0 0 0 0 0 0 0 2 0 0 0 0 9 4 1 0
Eric_1000000_9000_10 1 0 0 2 2 2 1 5 4 3 2 2 2 1 1 3 4 4 0 0 5
Erika_1000000_9000_10 2 0 8 0 0 2 0 0 0 0 0 0 0 0 2 0 0 3 4 3 0
Patricia_1000000_9000_10 0 0 0 0 0 0 0 0 0 0 0 0 0 0 0 0 0 0 0 0 0
Judith_1000000_9000_10 0 0 0 0 0 0 0 0 0 0 0 0 0 0 0 0 0 0 0 0 0
Sandra_1000000_9000_10 0 0 0 0 0 0 0 0 0 0 0 0 0 0 0 0 0 0 0 0 0
Napoleon_1000000_9000_10 1 0 0 0 0 0 0 0 0 0 0 0 0 8 1 0 1 0 0 0 1
Dolores_1000000_9000_10 2 0 10 0 0 8 0 0 0 0 0 0 0 0 8 0 0 9 4 3 0
Eloisa_1000000_9000_10 1 0 0 0 0 0 0 0 0 1 0 0 0 1 0 0 0 0 0 0 5
Gerald_1000000_9000_10 0 0 0 0 0 0 0 0 0 3 2 3 1 1 0 0 0 0 0 0 0
Patrick_1000000_9000_10 1 0 0 0 0 0 0 8 0 1 0 0 0 1 0 8 0 0 0 0 0
Nicole_1000000_9000_10 1 0 0 0 0 0 0 0 0 4 6 3 5 0 0 0 0 0 0 0 0
Alvin_1000000_9000_10 0 0 0 0 0 0 0 0 0 0 0 0 0 0 0 0 0 0 0 0 0
Travis_1000000_9000_10 2 0 0 0 0 0 2 0 0 0 0 0 0 0 0 0 0 0 0 0 0
Tommy_1000000_9000_10 0 0 0 0 0 0 0 0 0 0 0 0 0 0 0 0 0 0 0 0 0
Timothy_1000000_9000_10 1 0 0 0 0 0 0 0 0 1 0 3 1 1 0 0 0 0 0 1 6
Paul_1000000_9000_10 2 0 18 0 0 4 2 0 0 0 0 0 0 0 2 0 0 1 4 3 0
Tonya_1000000_9000_10 1 0 0 0 0 0 0 0 0 2 0 2 0 0 0 0 0 0 0 0 0
Della_1000000_9000_10 1 0 0 0 0 0 0 0 0 1 0 0 0 1 0 0 0 0 0 0 1
Bobby_1000000_9000_10 1 0 0 0 0 0 0 0 0 1 0 0 0 1 0 0 0 0 0 0 2
Kevin_1000000_9000_10 2 0 2 0 0 4 2 0 0 0 0 0 0 0 0 0 0 3 1 0 0
Sara_1000000_9000_10 0 0 0 0 0 0 0 0 0 0 0 0 0 0 0 0 0 0 0 0 0
Brenda_1000000_9000_10 0 0 0 0 0 0 0 0 0 0 0 0 0 0 0 0 0 0 0 0 0
Edith_1000000_9000_10 0 0 0 0 0 0 0 0 0 0 0 0 0 0 0 0 0 0 0 0 0
Jonathan_1000000_9000_10 0 0 0 0 0 0 0 0 0 0 0 0 0 0 0 0 0 0 0 0 0
Cole_1000000_9000_10 1 0 0 0 0 0 0 0 0 0 0 0 0 1 0 0 1 0 0 1 6
Howard_1000000_9000_10 2 0 1 0 0 0 0 0 0 0 0 0 2 0 0 0 0 3 4 1 0
Rudolf_1000000_9000_10 2 0 0 0 0 2 2 0 0 0 0 0 0 2 0 0 0 0 0 0 0
Vincent_1000000_9000_10 1 0 0 0 0 0 0 8 0 1 0 0 0 1 0 8 0 0 0 0 0
Elda_1000000_9000_10 1 0 0 0 0 0 0 0 0 1 0 0 0 1 0 0 0 0 0 0 0
Shawn_1000000_9000_10 0 0 0 0 0 0 0 0 0 0 0 0 0 0 0 0 0 0 0 0 0
Jeff_1000000_9000_10 2 0 1 0 0 0 0 0 0 0 0 0 0 0 0 0 0 1 4 1 0
Katie_1000000_9000_10 2 0 10 0 0 8 0 0 0 0 0 0 0 0 8 0 0 1 4 3 0
Janice_1000000_9000_10 1 0 0 0 0 0 0 0 0 1 0 0 0 1 0 0 0 0 0 0 0
Joseph_1000000_9000_10 0 0 0 0 0 0 0 0 0 0 0 0 0 0 0 0 0 0 0 0 0
Debra_1000000_9000_10 1 0 0 0 0 0 0 0 0 1 0 0 0 1 0 0 0 0 0 0 2
Rachel_1000000_9000_10 0 0 0 0 0 0 0 0 0 0 0 0 0 0 0 0 0 0 0 0 0
Lorraine_1000000_9000_10 0 0 2 0 0 0 0 0 0 0 0 0 0 1 1 0 0 0 0 0 0
Janet_1000000_9000_10 0 0 0 0 0 0 0 0 0 0 0 0 0 0 0 0 0 0 0 0 0
Charles_1000000_9000_10 0 0 0 0 0 0 0 0 0 0 0 0 0 0 0 0 0 0 0 0 0
Michael_1000000_9000_10 1 0 0 0 0 0 0 0 0 1 0 0 0 1 0 0 0 0 0 0 0
Constance_1000000_9000_10 2 0 4 0 0 0 0 0 0 0 0 0 2 0 0 0 0 9 4 1 0
Selma_1000000_9000_10 1 0 0 0 0 0 0 0 0 4 3 0 2 1 0 0 0 0 0 0 2
Genevieve_1000000_9000_10 0 0 0 0 0 0 0 0 0 0 0 0 0 0 0 0 0 0 0 0 0
Helen_1000000_9000_10 0 0 0 0 0 0 0 0 0 0 0 0 0 0 0 0 0 0 0 0 0
Brian_1000000_9000_10 1 0 0 0 0 0 0 0 0 2 0 0 0 0 0 0 0 0 0 0 0
Gloria_1000000_9000_10 0 0 0 0 0 0 0 0 0 0 0 0 0 0 0 0 0 0 0 0 0
John_1000000_9000_10 0 0 0 0 0 0 0 0 0 0 0 0 0 0 0 0 0 0 0 0 0
Keith_1000000_9000_10 0 0 0 0 0 0 0 0 0 0 0 0 0 0 0 0 0 0 0 0 0
Gustavo_1000000_9000_10 0 0 0 0 0 0 0 0 0 0 0 0 0 0 0 0 0 0 0 0 0
Joshua_1000000_9000_10 1 0 0 0 0 0 0 0 0 1 0 0 0 1 0 0 0 0 0 0 2
Lynnette_1000000_9000_10 1 0 0 0 0 0 0 0 0 1 2 0 0 1 0 0 0 0 0 0 2
Agnes_1000000_9000_10 2 0 10 0 0 4 2 0 0 0 0 0 0 2 2 0 0 3 4 3 1
Eleanor_1000000_9000_10 0 0 0 0 0 0 0 0 0 0 0 0 0 0 0 0 0 0 0 0 0
Rhonda_1000000_9000_10 2 0 1 0 0 0 0 0 0 0 0 0 2 0 0 0 0 3 4 1 0
Linda_1000000_9000_10 0 0 0 0 0 0 0 0 0 0 0 0 0 0 0 0 0 0 0 0 0
Felix_1000000_9000_10 1 0 0 0 0 0 0 0 0 1 0 0 0 1 0 0 0 0 0 1 6
Louis_1000000_9000_10 0 0 0 0 0 0 0 0 0 0 0 0 0 1 1 0 0 0 0 0 0
Owen_1000000_9000_10 1 0 0 0 0 0 0 0 0 1 0 0 0 1 0 0 0 0 0 0 5
Nancy_1000000_9000_10 1 0 0 0 0 0 0 0 0 1 0 0 0 1 0 0 0 0 0 0 0
Aileen_1000000_9000_10 1 0 0 0 0 0 0 0 0 1 0 0 0 1 0 0 0 0 0 1 3
Rene_1000000_9000_10 0 0 0 0 0 0 0 0 0 0 0 0 0 0 0 0 0 0 0 0 0
Norman_1000000_9000_10 1 0 2 0 0 0 0 0 0 1 0 0 0 2 1 0 0 0 0 0 1
Joanna_1000000_9000_10 2 0 4 0 0 0 0 0 0 0 0 0 8 0 0 0 0 6 16 4 0
Cynthia_1000000_9000_10 1 0 0 0 2 0 0 0 0 1 0 0 0 1 0 0 0 0 0 0 0
Amy_1000000_9000_10 2 0 8 0 0 2 0 0 0 0 0 0 0 0 2 0 0 3 4 3 0
Marie_1000000_9000_10 0 0 0 0 0 0 0 0 0 0 0 0 0 0 0 0 0 0 0 0 0
Lori_1000000_9000_10 2 0 0 0 0 0 0 0 0 0 0 0 0 0 0 0 0 1 4 3 0
Ivan_1000000_9000_10 0 0 0 0 0 0 0 0 0 0 0 0 0 0 0 0 0 0 0 0 0
Chester_1000000_9000_10 2 0 1 0 0 0 0 0 0 0 0 0 0 0 0 0 0 1 4 1 0
Susan_1000000_9000_10 2 0 18 0 0 8 0 0 0 0 0 0 0 3 9 0 0 6 16 12 1
Terry_1000000_9000_10 2 0 1 0 0 0 0 0 0 0 0 0 2 0 0 0 0 1 4 1 0
Tamara_1000000_9000_10 0 0 0 0 0 0 0 0 0 0 0 0 0 0 0 0 0 0 0 0 0
Rose_1000000_9000_10 0 0 3 0 0 0 0 0 0 0 0 0 1 2 1 0 0 0 0 0 3
Cecil_1000000_9000_10 2 0 19 0 0 8 0 0 0 0 0 0 0 5 3 0 0 3 4 3 5
Leticia_1000000_9000_10 1 0 2 0 0 0 0 0 0 0 0 0 0 5 0 0 1 0 0 0 1
Phuong_1000000_9000_10 0 0 0 0 0 0 0 0 0 0 0 0 0 0 0 0 0 0 0 0 0
Sharon_1000000_9000_10 0 0 0 0 0 0 0 0 0 0 0 0 0 0 0 0 0 0 0 0 0
Rochelle_1000000_9000_10 0 0 0 0 0 0 0 0 0 0 0 0 0 0 0 0 0 0 0 0 0
Millard_1000000_9000_10 0 0 0 0 0 0 0 0 0 0 0 0 0 0 0 0 0 0 0 0 0
Michelle_1000000_9000_10 0 0 0 0 0 0 0 0 0 0 0 0 0 0 0 0 0 0 0 0 0
Stacey_1000000_9000_10 1 0 0 0 0 0 0 0 0 1 0 0 0 1 0 0 0 0 0 1 2
Jewell_1000000_9000_10 2 0 10 0 0 2 0 0 0 0 0 0 0 0 2 0 0 1 4 3 0
Patria_1000000_9000_10 1 0 0 0 0 0 0 0 0 9 0 0 0 1 0 0 0 0 8 0 5
Carolyn_1000000_9000_10 1 0 0 0 0 0 0 0 0 1 0 0 0 1 0 0 0 0 0 1 3
Wade_1000000_9000_10 2 0 0 0 0 0 0 0 0 0 0 0 0 0 0 0 0 0 0 0 0
Rita_1000000_9000_10 1 0 0 0 0 0 0 0 0 1 0 0 0 1 0 0 0 0 0 1 3
Frank_1000000_9000_10 0 0 0 0 0 0 0 0 0 0 0 0 0 0 0 0 0 0 0 0 0
Betty_1000000_9000_10 0 0 0 0 0 0 0 0 0 0 0 0 0 0 0 0 0 0 0 0 0
Tina_1000000_9000_10 1 0 0 0 0 0 0 0 0 1 0 0 0 1 0 0 0 0 0 0 0
Donald_1000000_9000_10 1 0 0 0 0 0 0 0 0 1 0 0 0 1 0 0 0 0 0 0 2
Melissa_1000000_9000_10 2 0 4 0 0 4 2 0 0 0 0 0 0 0 2 0 0 1 4 3 0
Christy_1000000_9000_10 1 0 0 0 0 0 0 0 0 1 0 0 0 1 0 0 0 0 0 0 2
Douglas_1000000_9000_10 1 0 0 0 0 2 0 0 2 1 0 0 0 1 0 0 0 0 0 0 2
Natasha_1000000_9000_10 1 0 0 0 0 0 0 0 0 1 0 0 0 1 0 0 0 0 0 0 0
Debby_1000000_9000_10 1 0 0 0 0 0 0 0 0 1 0 0 0 1 0 0 0 0 0 0 5
Walter_1000000_9000_10 2 0 10 0 0 4 2 0 0 0 0 0 0 0 2 0 0 3 4 3 0
Grace_1000000_9000_10 0 0 0 0 0 0 0 0 0 0 0 0 0 0 0 0 0 0 0 0 0
Scott_1000000_9000_10 0 0 0 0 0 0 0 0 0 0 0 0 0 0 0 0 0 0 0 0 0
Francine_1000000_9000_10 0 0 0 0 0 0 0 0 0 0 0 0 0 0 0 0 0 0 0 0 0
Camille_1000000_9000_10 0 0 2 0 0 0 0 0 0 0 0 0 0 4 0 0 0 0 0 0 1
Lauren_1000000_9000_10 2 0 3 0 0 0 0 0 0 0 0 0 2 2 0 0 0 10 13 5 0
Brett_1000000_9000_10 2 0 1 0 0 0 0 0 0 0 0 0 2 0 0 0 0 9 4 1 0
Jeffrey_1000000_9000_10 0 0 0 0 0 0 0 0 0 0 0 0 0 0 0 0 0 0 0 0 0
Rafael_1000000_9000_10 1 0 2 0 0 0 0 0 0 1 0 0 0 3 0 0 0 0 0 0 1
Carlos_1000000_9000_10 0 0 0 0 0 0 0 0 0 0 0 0 0 0 0 0 0 0 0 0 0
Edmundo_1000000_9000_10 0 0 0 0 0 0 0 0 0 0 0 0 0 0 0 0 0 0 0 0 0
Irmgard_1000000_9000_10 1 0 0 0 0 0 0 0 0 1 0 0 0 1 0 0 0 0 0 0 1
Sherri_1000000_9000_10 2 0 3 0 0 2 0 0 0 0 0 0 0 5 3 0 0 1 4 3 3
Jennifer_1000000_9000_10 1 0 2 0 0 0 0 0 0 1 0 3 3 10 1 2 0 0 0 0 5
Raye_1000000_9000_10 1 0 0 0 0 0 0 0 0 1 0 0 0 1 0 0 0 0 0 0 2
Darren_1000000_9000_10 2 0 0 0 0 0 0 0 0 0 0 0 0 0 0 0 0 1 2 1 0
Justin_1000000_9000_10 1 0 0 0 0 0 0 0 0 1 0 0 0 1 0 0 0 0 0 1 3
Donn_1000000_9000_10 0 0 0 0 0 0 0 0 0 0 0 0 0 0 0 0 0 0 0 0 0
Dale_1000000_9000_10 1 0 0 0 0 0 0 0 0 2 1 0 1 0 0 0 0 0 0 1 1
Anita_1000000_9000_10 1 0 0 0 0 0 0 0 0 3 0 0 0 1 0 0 0 0 0 0 2
Marjorie_1000000_9000_10 0 0 0 0 0 0 0 0 0 0 0 0 0 0 0 0 0 0 0 0 0
Myron_1000000_9000_10 2 0 4 0 0 8 0 0 0 0 0 0 0 0 2 0 0 3 4 3 0
Bonita_1000000_9000_10 2 0 4 0 0 4 2 0 0 0 0 0 0 0 2 0 0 1 4 3 0
Barb_1000000_9000_10 1 0 0 0 0 0 0 0 0 0 0 0 0 0 0 0 0 0 0 0 0
Joy_1000000_9000_10 0 0 0 0 0 0 0 0 0 0 0 0 0 0 0 0 0 0 0 0 0
Edgar_1000000_9000_10 1 0 3 0 0 0 0 0 0 1 0 0 2 10 1 8 0 0 0 0 4
Elaine_1000000_9000_10 0 0 0 0 0 0 0 0 0 0 0 0 0 0 0 0 0 0 0 0 0
Marcia_1000000_9000_10 1 0 0 0 0 0 0 0 0 2 3 0 2 1 0 0 0 0 0 0 0
Sam_1000000_9000_10 0 0 0 0 0 0 0 0 0 0 0 0 0 0 0 0 0 0 0 0 0
Lydia_1000000_9000_10 0 0 0 0 0 0 0 0 0 0 0 0 0 0 0 0 0 0 0 0 0
Bertie_1000000_9000_10 1 0 0 0 0 0 0 0 0 4 0 0 0 4 1 0 0 0 0 0 9
Steven_1000000_9000_10 1 0 0 0 0 0 2 0 0 1 0 0 0 1 0 0 0 0 0 0 0
Martha_1000000_9000_10 1 0 0 0 0 0 0 0 0 0 0 0 0 0 0 0 0 0 0 0 0
Jamie_1000000_9000_10 1 0 0 0 0 0 0 0 0 1 0 0 0 1 0 0 0 0 0 0 1
Latashia_1000000_9000_10 1 0 0 0 0 0 0 0 0 0 0 0 0 0 0 0 0 0 0 0 0
Ahmad_1000000_9000_10 1 0 2 0 0 0 0 0 0 1 0 0 0 2 1 0 0 0 0 0 5
David_1000000_9000_10 2 0 10 0 0 8 0 0 0 0 0 0 0 2 2 0 0 1 4 3 0
Brant_1000000_9000_10 0 0 0 0 0 0 0 0 0 0 0 0 0 0 0 0 0 0 0 0 0
Jan_1000000_9000_10 1 0 0 0 0 0 0 0 0 1 0 0 0 1 0 0 0 0 0 0 2
Kimberly_1000000_9000_10 0 0 0 0 0 0 0 0 0 0 0 0 0 0 0 0 0 0 0 0 0
Lucy_1000000_9000_10 1 0 0 0 0 2 0 2 2 1 0 0 0 1 0 0 2 0 0 0 5
Barbara_1000000_9000_10 0 0 0 0 0 0 0 0 0 0 0 0 0 0 0 0 0 0 0 0 0
Kelly_1000000_9000_10 0 0 0 0 0 0 0 0 0 0 0 0 0 0 0 0 0 0 0 0 0
Richard_1000000_9000_10 0 0 0 0 0 0 0 0 0 0 0 0 0 0 0 0 0 0 0 0 0
Kathleen_1000000_9000_10 2 0 5 0 0 0 0 0 0 0 0 0 2 0 0 0 0 9 4 1 0
Christopher_1000000_9000_10 0 0 0 0 0 0 0 0 0 0 0 0 0 0 0 0 0 0 0 0 0
William_1000000_9000_10 0 0 0 0 0 0 0 0 0 0 0 0 0 0 0 0 0 0 0 0 0
George_1000000_9000_10 0 0 0 0 0 0 0 0 0 0 0 0 0 0 0 0 0 0 0 0 0
Robert_1000000_9000_10 0 0 0 0 0 0 0 0 0 0 0 0 0 0 0 0 0 0 0 0 0
James_1000000_9000_10 0 0 0 0 0 0 0 0 0 0 0 0 0 0 0 0 0 0 0 0 0
Bruce_1000000_9000_10 0 0 0 0 0 0 0 0 0 0 0 0 0 0 0 0 0 0 0 0 0
Emily_1000000_9000_10 2 0 1 0 0 0 0 0 0 0 0 0 2 0 0 0 0 3 4 1 0
Peggy_1000000_9000_10 1 0 0 0 0 0 0 0 0 1 0 0 0 1 0 0 0 0 0 0 2
Max_1000000_9000_10 1 0 0 0 0 0 0 0 0 1 0 0 0 1 0 0 0 0 0 0 5
Marion_1000000_9000_10 2 0 10 0 0 8 0 0 0 0 0 0 0 0 8 0 0 1 4 3 0
Gretta_1000000_9000_10 2 0 0 0 0 0 0 0 0 0 0 0 0 0 0 0 0 0 0 0 0
Elizabeth_1000000_9000_10 0 0 0 0 0 0 0 0 0 0 0 0 0 0 0 0 0 0 0 0 0
Carmen_1000000_9000_10 2 0 1 0 0 0 0 0 0 0 0 0 2 0 0 0 0 9 4 1 0
Heather_1000000_9000_10 1 0 0 0 0 0 0 2 0 1 0 0 0 1 0 0 0 0 0 0 0
Angela_1000000_9000_10 0 0 0 0 0 0 0 0 0 0 0 0 0 0 0 0 0 0 0 0 0
Brandon_1000000_9000_10 1 0 0 0 0 0 0 0 0 1 0 0 0 1 0 0 0 0 0 0 5
Norene_1000000_9000_10 0 0 0 0 0 0 0 0 0 0 0 0 0 0 0 0 0 0 0 0 0
Willie_1000000_9000_10 2 0 1 0 0 0 0 0 0 0 0 0 2 0 0 0 0 1 4 1 0
Frances_1000000_9000_10 2 0 4 0 0 0 0 0 0 0 0 0 8 0 0 0 0 6 16 4 0
Garry_1000000_9000_10 0 0 0 0 0 0 0 0 0 0 0 0 0 0 0 0 0 0 0 0 0
Leslie_1000000_9000_10 1 0 0 0 0 0 0 0 0 1 0 0 0 1 0 0 0 0 0 0 5
Mark_1000000_9000_10 0 0 0 0 0 0 0 0 0 0 0 0 0 0 0 0 0 0 0 0 0
Margaret_1000000_9000_10 2 0 1 0 0 0 0 0 0 0 0 0 2 0 0 0 0 3 4 1 0
Thomas_1000000_9900_5 0 0 2 0 0 0 0 0 0 0 0 0 1 2 1 0 0 0 0 0 3
Jessica_1000000_9900_5 2 0 3 0 0 0 0 0 0 0 0 0 2 2 0 0 0 3 4 1 0
Laverne_1000000_9900_5 0 0 0 0 0 0 0 0 0 0 0 0 0 0 0 0 0 0 0 0 0
Irene_1000000_9900_5 1 0 0 0 0 0 0 0 0 57 0 0 0 1 0 0 0 0 0 0 1
Annette_1000000_9900_5 1 0 0 0 0 0 0 0 0 1 0 0 0 3 0 0 0 0 0 0 2
Dorothy_1000000_9900_5 0 0 0 0 0 0 0 0 0 0 0 0 0 0 0 0 0 0 0 0 0
Raymond_1000000_9900_5 1 0 0 0 0 0 0 0 0 1 0 0 0 1 0 0 0 0 0 0 5
Anthony_1000000_9900_5 1 0 2 1 3 0 0 0 0 7 2 5 2 5 1 0 2 4 0 1 6
Nelson_1000000_9900_5 2 0 2 0 0 0 0 0 0 0 0 0 2 0 0 0 0 9 4 1 0
Eric_1000000_9900_5 1 0 2 0 0 0 0 0 0 1 2 0 0 1 0 0 0 0 0 0 5
Erika_1000000_9900_5 2 0 4 0 0 2 0 0 0 0 0 0 0 0 2 0 0 1 4 3 0
Patricia_1000000_9900_5 0 0 0 0 0 0 0 0 0 0 0 0 0 0 0 0 0 0 0 0 0
Judith_1000000_9900_5 0 0 0 0 0 0 0 0 0 0 0 0 0 0 0 0 0 0 0 0 0
Sandra_1000000_9900_5 0 0 2 0 0 0 0 0 0 0 0 0 0 3 1 0 0 0 0 0 1
Napoleon_1000000_9900_5 1 0 0 0 0 0 0 0 0 0 0 0 0 13 2 0 1 0 0 0 1
Dolores_1000000_9900_5 2 0 10 0 0 2 0 0 0 0 0 0 0 0 2 0 0 3 4 3 0
Eloisa_1000000_9900_5 1 0 0 0 0 0 0 0 0 1 0 0 0 1 0 0 0 0 0 0 5
Gerald_1000000_9900_5 0 0 4 0 0 0 0 0 0 1 3 1 1 7 1 0 0 0 0 0 2
Patrick_1000000_9900_5 1 0 0 0 0 0 0 8 0 1 0 0 0 1 0 8 0 0 0 0 0
Nicole_1000000_9900_5 1 0 0 0 0 0 0 0 0 1 0 0 0 1 0 0 0 0 0 0 5
Alvin_1000000_9900_5 0 0 2 0 0 0 0 0 0 0 0 0 0 5 1 0 0 0 0 0 1
Travis_1000000_9900_5 2 0 0 0 0 4 2 0 0 0 0 0 0 0 0 0 0 6 0 0 0
Tommy_1000000_9900_5 0 0 0 0 0 0 0 0 0 0 0 0 0 0 0 0 0 0 0 0 0
Timothy_1000000_9900_5 1 0 0 0 0 0 0 0 0 1 0 7 3 1 0 0 0 0 0 1 6
Paul_1000000_9900_5 2 0 20 0 0 4 2 0 0 0 0 0 0 0 2 0 0 3 4 3 0
Tonya_1000000_9900_5 1 0 0 0 0 0 0 0 0 1 0 0 0 1 0 0 0 0 0 0 5
Della_1000000_9900_5 1 0 0 0 0 0 0 0 0 1 0 0 0 1 0 0 0 0 0 0 1
Bobby_1000000_9900_5 1 0 0 0 0 0 0 0 0 1 0 0 0 1 0 0 0 0 0 0 2
Kevin_1000000_9900_5 2 0 2 0 0 4 2 0 0 0 0 0 0 0 2 0 0 3 4 1 0
Sara_1000000_9900_5 0 0 0 0 0 0 0 0 0 0 0 0 0 0 0 0 0 0 0 0 0
Brenda_1000000_9900_5 0 0 0 0 0 0 0 0 0 0 0 0 0 0 0 0 0 0 0 0 0
Edith_1000000_9900_5 0 0 0 0 0 0 0 0 0 0 0 0 0 0 0 0 0 0 0 0 0
Jonathan_1000000_9900_5 0 0 0 0 0 0 0 0 0 0 0 0 0 0 0 0 0 0 0 0 0
Cole_1000000_9900_5 1 0 0 0 0 0 0 0 0 0 0 0 0 1 0 0 1 0 0 1 6
Howard_1000000_9900_5 2 0 1 0 0 0 0 0 0 0 0 0 2 0 0 0 0 3 4 1 0
Rudolf_1000000_9900_5 2 0 2 0 0 2 2 0 0 0 0 0 0 6 2 0 0 2 0 0 0
Vincent_1000000_9900_5 1 0 0 0 0 0 0 8 0 1 0 0 0 1 0 8 0 0 0 0 0
Elda_1000000_9900_5 1 0 0 0 0 0 0 0 0 1 0 0 0 1 0 0 0 0 0 0 0
Shawn_1000000_9900_5 0 0 4 0 0 0 0 0 0 0 0 0 0 3 1 0 0 0 0 0 1
Jeff_1000000_9900_5 2 0 1 0 0 0 0 0 0 0 0 0 2 0 0 0 0 3 4 1 0
Katie_1000000_9900_5 2 0 26 0 0 8 0 0 0 0 0 0 0 0 8 0 0 4 16 12 0
Janice_1000000_9900_5 1 0 0 0 0 0 0 0 0 1 0 0 0 3 0 0 0 0 0 0 1
Joseph_1000000_9900_5 0 0 0 0 0 0 0 0 0 0 0 0 0 0 0 0 0 0 0 0 0
Debra_1000000_9900_5 1 0 0 0 0 0 0 0 0 1 0 0 0 1 0 0 0 0 0 0 5
Rachel_1000000_9900_5 0 0 0 0 0 0 0 0 0 0 0 0 0 0 0 0 0 0 0 0 0
Lorraine_1000000_9900_5 0 0 0 0 0 0 0 0 0 0 0 0 0 0 0 0 0 0 0 0 0
Janet_1000000_9900_5 0 0 0 0 0 0 0 0 0 0 0 0 0 0 0 0 0 0 0 0 0
Charles_1000000_9900_5 0 0 0 0 0 0 0 0 0 0 0 0 0 0 0 0 0 0 0 0 0
Michael_1000000_9900_5 1 0 0 0 0 0 0 0 0 1 0 0 0 1 0 0 0 0 0 0 1
Constance_1000000_9900_5 2 0 1 0 0 0 0 0 0 0 0 0 2 0 0 0 0 3 4 1 0
Selma_1000000_9900_5 1 0 0 0 0 0 0 0 0 4 3 0 2 1 0 0 0 0 0 0 2
Genevieve_1000000_9900_5 0 0 0 0 0 0 0 0 0 0 0 0 0 0 0 0 0 0 0 0 0
Helen_1000000_9900_5 0 0 2 0 0 0 0 0 0 0 0 0 0 5 1 0 0 0 0 0 3
Brian_1000000_9900_5 1 0 0 0 0 0 0 0 0 1 0 0 0 1 0 0 0 0 0 0 5
Gloria_1000000_9900_5 0 0 0 0 0 0 0 0 0 0 0 0 0 0 0 0 0 0 0 0 0
John_1000000_9900_5 0 0 0 0 0 0 0 0 0 0 0 0 0 0 0 0 0 0 0 0 0
Keith_1000000_9900_5 0 0 0 0 0 0 0 0 0 0 0 0 0 0 0 0 0 0 0 0 0
Gustavo_1000000_9900_5 0 0 0 0 0 0 0 0 0 0 0 0 0 0 0 0 0 0 0 0 0
Joshua_1000000_9900_5 1 0 0 0 0 0 0 0 0 1 0 0 0 1 0 0 0 0 0 0 2
Lynnette_1000000_9900_5 1 0 0 0 0 0 0 0 0 1 2 0 0 1 0 0 0 0 0 0 2
Agnes_1000000_9900_5 2 0 10 0 0 4 2 0 0 0 0 0 0 2 2 0 0 3 4 3 1
Eleanor_1000000_9900_5 0 0 0 0 0 0 0 0 0 0 0 0 0 0 0 0 0 0 0 0 0
Rhonda_1000000_9900_5 2 0 2 0 0 0 0 0 0 0 0 0 2 0 0 0 0 9 4 1 0
Linda_1000000_9900_5 0 0 0 0 0 0 0 0 0 0 0 0 0 0 0 0 0 0 0 0 0
Felix_1000000_9900_5 1 0 0 0 0 0 0 0 0 1 0 0 2 1 0 0 0 0 0 1 6
Louis_1000000_9900_5 0 0 2 0 0 0 0 0 0 0 0 0 0 5 1 0 0 0 0 0 1
Owen_1000000_9900_5 1 0 2 0 0 0 0 0 0 1 0 3 3 1 0 0 0 0 0 0 5
Nancy_1000000_9900_5 1 0 0 0 0 0 0 0 0 1 0 0 0 1 0 0 0 0 0 0 1
Aileen_1000000_9900_5 1 0 0 0 0 0 0 0 0 1 0 0 0 1 0 0 0 0 0 1 6
Rene_1000000_9900_5 0 0 0 0 0 0 0 0 0 0 0 0 0 0 0 0 0 0 0 0 0
Norman_1000000_9900_5 1 0 0 0 0 0 0 0 0 1 0 0 0 3 0 0 0 0 0 0 3
Joanna_1000000_9900_5 2 0 1 0 0 0 0 0 0 0 0 0 2 0 0 0 0 3 4 1 0
Cynthia_1000000_9900_5 1 0 0 0 2 0 0 0 0 1 0 0 0 1 0 0 0 0 0 0 5
Amy_1000000_9900_5 2 0 4 0 0 2 0 0 0 0 0 0 0 0 2 0 0 3 4 3 0
Marie_1000000_9900_5 0 0 0 0 0 0 0 0 0 0 0 0 0 0 0 0 0 0 0 0 0
Lori_1000000_9900_5 2 0 2 0 0 2 2 0 0 0 0 0 0 0 2 0 0 3 4 3 0
Ivan_1000000_9900_5 0 0 0 0 0 0 0 0 0 0 0 0 0 0 0 0 0 0 0 0 0
Chester_1000000_9900_5 2 0 1 0 0 0 0 0 0 0 0 0 2 0 0 0 0 1 4 1 0
Susan_1000000_9900_5 2 0 6 0 0 2 0 0 0 0 0 0 0 8 2 0 0 3 4 3 1
Terry_1000000_9900_5 2 0 1 0 0 0 0 0 0 0 0 0 2 0 0 0 0 3 4 1 0
Tamara_1000000_9900_5 0 0 0 0 0 0 0 0 0 0 0 0 0 0 0 0 0 0 0 0 0
Rose_1000000_9900_5 0 0 13 0 2 0 0 0 3 1 7 1 4 18 2 3 1 0 2 0 9
Cecil_1000000_9900_5 2 0 47 0 0 8 0 0 0 0 0 0 1 14 11 0 0 9 11 4 10
Leticia_1000000_9900_5 1 0 4 0 0 0 0 0 0 0 0 0 0 7 0 0 1 0 0 0 5
Phuong_1000000_9900_5 0 0 0 0 0 0 0 0 0 0 0 0 0 0 0 0 0 0 0 0 0
Sharon_1000000_9900_5 0 0 0 0 0 0 0 0 0 0 0 0 0 0 0 0 0 0 0 0 0
Rochelle_1000000_9900_5 0 0 0 0 0 0 0 0 0 0 0 0 0 0 0 0 0 0 0 0 0
Millard_1000000_9900_5 0 0 0 0 0 0 0 0 0 0 0 0 0 8 0 0 0 0 0 0 1
Michelle_1000000_9900_5 0 0 0 0 0 0 0 0 0 0 0 0 0 0 0 0 0 0 0 0 0
Stacey_1000000_9900_5 1 0 0 0 0 0 0 0 0 1 0 0 0 1 0 0 0 0 0 1 2
Jewell_1000000_9900_5 2 0 10 0 0 2 0 0 0 0 0 0 0 0 2 0 0 1 4 3 0
Patria_1000000_9900_5 1 0 0 0 0 0 0 0 0 3 0 0 0 1 0 0 0 0 2 0 5
Carolyn_1000000_9900_5 1 0 0 0 0 0 0 0 0 1 0 0 0 1 0 0 0 0 0 1 3
Wade_1000000_9900_5 2 0 0 0 0 0 0 0 0 0 0 0 0 0 0 0 0 0 0 0 0
Rita_1000000_9900_5 1 0 0 0 0 0 0 0 0 1 0 0 0 1 0 0 0 0 0 1 6
Frank_1000000_9900_5 0 0 0 0 0 0 0 0 0 0 0 0 0 0 0 0 0 0 0 0 0
Betty_1000000_9900_5 0 0 0 0 0 0 0 0 0 0 0 0 0 0 0 0 0 0 0 0 0
Tina_1000000_9900_5 1 0 0 0 0 0 0 0 0 1 0 0 0 1 0 0 0 0 0 0 1
Donald_1000000_9900_5 1 0 0 0 0 0 0 0 0 1 0 0 0 1 0 0 0 0 0 0 5
Melissa_1000000_9900_5 2 0 10 0 0 4 2 0 0 0 0 0 0 0 2 0 0 1 4 3 0
Christy_1000000_9900_5 1 0 0 0 0 0 0 0 0 1 0 0 0 1 0 0 0 0 0 0 5
Douglas_1000000_9900_5 1 0 0 0 0 2 0 0 2 1 0 0 0 1 0 0 0 0 0 0 5
Natasha_1000000_9900_5 1 0 0 0 0 0 0 0 0 1 0 0 0 1 0 0 0 0 0 0 2
Debby_1000000_9900_5 1 0 0 0 0 0 0 0 0 1 0 0 0 1 0 0 0 0 0 0 5
Walter_1000000_9900_5 2 0 20 0 0 16 8 0 0 0 0 0 0 0 8 0 0 14 7 3 0
Grace_1000000_9900_5 0 0 0 0 0 0 0 0 0 0 0 0 0 0 0 0 0 0 0 0 0
Scott_1000000_9900_5 0 0 0 0 0 0 0 0 0 0 0 0 0 0 0 0 0 0 0 0 0
Francine_1000000_9900_5 0 0 0 0 0 0 0 0 0 0 0 0 0 0 0 0 0 0 0 0 0
Camille_1000000_9900_5 0 0 4 0 0 0 0 0 0 0 0 0 0 4 0 0 0 0 0 0 1
Lauren_1000000_9900_5 2 0 5 0 0 0 0 0 0 0 0 0 2 8 2 0 0 3 4 1 0
Brett_1000000_9900_5 2 0 1 0 0 0 0 0 0 0 0 0 2 0 0 0 0 9 4 1 0
Jeffrey_1000000_9900_5 0 0 0 0 0 0 0 0 0 0 0 0 0 0 0 0 0 0 0 0 0
Rafael_1000000_9900_5 1 0 4 0 0 0 0 0 0 1 0 0 0 5 0 0 0 0 0 0 1
Carlos_1000000_9900_5 0 0 0 0 0 0 0 0 0 0 0 0 0 0 0 0 0 0 0 0 0
Edmundo_1000000_9900_5 0 0 0 0 0 0 0 0 0 0 0 0 0 0 0 0 0 0 0 0 0
Irmgard_1000000_9900_5 1 0 0 0 0 0 0 0 0 1 0 0 0 1 0 0 0 0 0 0 2
Sherri_1000000_9900_5 2 0 19 0 0 8 0 0 0 0 2 2 1 18 5 0 0 9 4 3 10
Jennifer_1000000_9900_5 1 0 2 0 0 0 0 0 0 1 0 5 7 12 1 2 0 0 0 0 9
Raye_1000000_9900_5 1 0 0 0 0 0 0 0 0 1 0 0 0 1 0 0 0 0 0 0 5
Darren_1000000_9900_5 2 0 2 0 0 4 2 0 0 0 0 0 0 0 2 0 0 1 2 1 0
Justin_1000000_9900_5 1 0 0 0 0 0 0 0 0 1 0 0 0 1 0 0 0 0 0 1 6
Donn_1000000_9900_5 0 0 0 0 0 0 0 0 0 0 0 0 0 0 0 0 0 0 0 0 0
Dale_1000000_9900_5 1 0 0 0 0 0 0 0 0 1 0 0 0 1 0 0 3 0 0 4 7
Anita_1000000_9900_5 1 0 0 0 0 0 0 0 0 3 0 0 0 1 0 0 0 0 0 0 2
Marjorie_1000000_9900_5 0 0 0 0 0 0 0 0 0 0 0 0 0 0 0 0 0 0 0 0 0
Myron_1000000_9900_5 2 0 4 0 0 2 0 0 0 0 0 0 0 0 2 0 0 1 4 3 0
Bonita_1000000_9900_5 2 0 4 0 0 4 2 0 0 0 0 0 0 0 2 0 0 1 4 3 0
Barb_1000000_9900_5 1 0 0 0 0 0 0 0 0 0 0 0 0 0 0 0 0 0 0 0 0
Joy_1000000_9900_5 0 0 0 0 0 0 0 0 0 0 0 0 0 0 0 0 0 0 0 0 0
Edgar_1000000_9900_5 1 1 5 0 0 0 0 0 0 1 0 0 6 14 1 8 0 0 0 0 8
Elaine_1000000_9900_5 0 0 0 0 0 0 0 0 0 0 0 0 0 0 0 0 0 0 0 0 0
Marcia_1000000_9900_5 1 0 0 0 0 0 0 0 0 1 0 0 0 1 0 0 0 0 0 0 1
Sam_1000000_9900_5 0 0 2 0 0 0 0 0 0 0 0 0 0 0 0 0 0 0 0 0 1
Lydia_1000000_9900_5 0 0 0 0 0 0 0 0 0 0 0 0 0 0 0 0 0 0 0 0 0
Bertie_1000000_9900_5 1 0 0 0 0 0 0 0 2 9 2 0 0 8 0 0 0 0 0 1 20
Steven_1000000_9900_5 1 0 0 0 0 0 2 0 0 1 0 0 0 1 0 0 0 0 0 0 1
Martha_1000000_9900_5 1 0 0 0 0 0 0 0 0 0 0 0 0 0 0 0 0 0 0 0 0
Jamie_1000000_9900_5 1 0 0 0 0 0 0 0 0 1 0 0 0 1 0 0 0 0 0 0 1
Latashia_1000000_9900_5 1 0 0 0 0 0 0 0 0 1 0 0 0 1 0 0 0 0 0 0 0
Ahmad_1000000_9900_5 1 0 0 0 0 0 0 0 0 1 0 0 0 1 0 0 0 0 0 0 5
David_1000000_9900_5 2 0 14 0 0 8 0 0 0 0 0 0 0 8 10 0 0 1 4 3 1
Brant_1000000_9900_5 0 0 0 0 0 0 0 0 0 0 0 0 0 0 0 0 0 0 0 0 0
Jan_1000000_9900_5 1 0 0 0 0 0 0 0 0 1 0 0 0 1 0 0 0 0 0 0 5
Kimberly_1000000_9900_5 0 0 0 0 0 0 0 0 0 0 0 0 0 0 0 0 0 0 0 0 0
Lucy_1000000_9900_5 1 0 0 0 0 0 0 0 0 1 0 0 0 1 0 0 0 0 0 0 5
Barbara_1000000_9900_5 0 0 0 0 0 0 0 0 0 0 0 0 0 0 0 0 0 0 0 0 0
Kelly_1000000_9900_5 0 0 2 0 0 0 0 0 0 0 0 0 1 2 1 0 0 0 0 0 0
Richard_1000000_9900_5 0 0 0 0 0 0 0 0 0 0 0 0 0 0 0 0 0 0 0 0 0
Kathleen_1000000_9900_5 2 0 1 0 0 0 0 0 0 0 0 0 2 0 0 0 0 3 4 1 0
Christopher_1000000_9900_5 0 0 0 0 0 0 0 0 0 0 0 0 0 0 0 0 0 0 0 0 0
William_1000000_9900_5 0 0 2 0 0 2 1 3 2 0 0 0 0 5 1 2 2 4 0 0 3
George_1000000_9900_5 0 0 0 0 0 0 0 0 0 0 0 0 0 0 0 0 0 0 0 0 0
Robert_1000000_9900_5 0 0 0 0 0 0 0 0 0 0 0 0 0 0 0 0 0 0 0 0 0
James_1000000_9900_5 0 0 0 0 0 0 0 0 0 0 0 0 0 0 0 0 0 0 0 0 0
Bruce_1000000_9900_5 0 0 0 0 0 0 0 0 0 0 0 0 0 0 0 0 0 0 0 0 0
Emily_1000000_9900_5 2 0 1 0 0 0 0 0 0 0 0 0 2 0 0 0 0 3 4 1 0
Peggy_1000000_9900_5 1 0 0 0 0 0 0 0 0 1 0 0 0 1 0 0 0 0 0 0 2
Max_1000000_9900_5 1 0 0 0 0 0 0 0 0 1 0 0 0 1 0 0 0 0 0 0 5
Marion_1000000_9900_5 2 0 26 0 0 8 0 0 0 0 0 0 0 0 8 0 0 4 16 12 0
Gretta_1000000_9900_5 2 0 0 0 0 0 0 0 0 0 0 0 0 0 0 0 0 0 0 0 0
Elizabeth_1000000_9900_5 0 0 0 0 0 0 0 0 0 0 0 0 0 0 0 0 0 0 0 0 0
Carmen_1000000_9900_5 2 0 1 0 0 0 0 0 0 0 0 0 2 0 0 0 0 9 4 1 0
Heather_1000000_9900_5 1 0 0 0 0 0 0 2 0 1 0 0 0 1 0 0 0 0 0 0 0
Angela_1000000_9900_5 0 0 0 0 0 0 0 0 0 0 0 0 0 0 0 0 0 0 0 0 0
Brandon_1000000_9900_5 1 0 0 0 0 0 0 0 0 1 0 1 1 1 0 0 0 0 0 0 5
Norene_1000000_9900_5 0 0 0 0 0 0 0 0 0 0 0 0 0 0 0 0 0 0 0 0 0
Willie_1000000_9900_5 2 0 1 0 0 0 0 0 0 0 0 0 2 0 0 0 0 3 4 1 0
Frances_1000000_9900_5 2 0 1 0 0 0 0 0 0 0 0 0 2 0 0 0 0 3 4 1 0
Garry_1000000_9900_5 0 0 0 0 0 0 0 0 0 0 0 0 0 0 0 0 0 0 0 0 0
Leslie_1000000_9900_5 1 0 0 0 0 0 0 0 0 1 0 0 0 1 0 0 0 0 0 0 5
Mark_1000000_9900_5 0 0 0 0 0 0 0 0 0 0 0 0 0 0 0 0 0 0 0 0 0
Margaret_1000000_9900_5 2 0 5 0 0 0 0 0 0 0 0 0 2 6 0 0 0 9 4 1 1
Thomas_2000000_9900_5 0 0 2 0 0 0 0 0 0 0 0 0 1 2 1 0 0 0 0 0 3
Jessica_2000000_9900_5 2 0 3 0 0 0 0 0 0 0 0 0 2 2 0 0 0 3 4 1 0
Laverne_2000000_9900_5 0 0 0 0 0 0 0 0 0 0 0 0 0 0 0 0 0 0 0 0 0
Irene_2000000_9900_5 1 0 2 0 0 2 1 3 2 75 0 3 1 2 1 2 2 2 0 0 1
Annette_2000000_9900_5 1 0 2 0 0 0 0 0 0 1 0 0 0 6 1 0 0 0 0 0 4
Dorothy_2000000_9900_5 0 0 0 0 0 0 0 0 0 0 0 0 0 0 0 0 0 0 0 0 0
Raymond_2000000_9900_5 1 0 2 0 0 0 0 0 0 3 0 1 1 3 0 0 0 0 0 0 1
Anthony_2000000_9900_5 1 0 0 0 0 0 0 0 0 3 7 1 5 0 2 0 0 0 0 1 1
Nelson_2000000_9900_5 2 0 1 0 0 0 0 0 0 0 0 0 2 0 0 0 0 1 4 1 0
Eric_2000000_9900_5 1 0 0 0 0 0 0 0 0 2 2 3 5 0 0 0 0 0 0 0 0
Erika_2000000_9900_5 2 0 0 0 0 2 0 0 0 0 0 0 0 0 2 0 0 1 4 3 0
Patricia_2000000_9900_5 0 0 0 0 0 0 0 0 0 0 0 0 0 0 0 0 0 0 0 0 0
Judith_2000000_9900_5 0 0 0 0 0 0 0 0 0 0 0 0 0 0 0 0 0 0 0 0 0
Sandra_2000000_9900_5 0 0 2 0 0 0 0 0 0 0 0 0 0 3 1 0 0 0 0 0 1
Napoleon_2000000_9900_5 1 0 0 0 0 0 0 0 0 0 0 0 0 6 1 0 1 0 0 0 1
Dolores_2000000_9900_5 2 0 2 0 0 2 0 0 0 0 0 0 0 0 2 0 0 1 4 3 0
Eloisa_2000000_9900_5 1 0 3 0 0 0 0 0 0 1 0 0 0 6 1 0 0 0 0 0 4
Gerald_2000000_9900_5 0 0 2 3 1 2 3 3 4 3 3 1 3 6 2 0 0 4 0 0 0
Patrick_2000000_9900_5 1 0 0 0 0 2 1 11 2 3 4 3 2 6 0 10 2 2 0 0 0
Nicole_2000000_9900_5 1 0 4 0 0 0 1 1 2 1 0 3 1 2 1 2 2 0 0 0 2
Alvin_2000000_9900_5 0 0 2 0 0 0 0 0 0 0 0 0 0 5 1 0 0 0 0 0 1
Travis_2000000_9900_5 2 0 0 0 0 0 2 0 0 0 0 0 0 0 0 0 0 2 0 0 0
Tommy_2000000_9900_5 0 0 0 0 0 0 0 0 0 0 0 0 0 0 0 0 0 0 0 0 0
Timothy_2000000_9900_5 1 0 4 0 0 2 1 3 2 3 4 3 5 2 1 2 2 2 0 4 14
Paul_2000000_9900_5 2 0 0 0 0 4 2 0 0 0 0 0 0 0 2 0 0 1 4 3 0
Tonya_2000000_9900_5 1 0 0 0 0 0 0 0 0 1 0 0 0 1 0 0 0 0 0 0 2
Della_2000000_9900_5 1 0 2 0 0 0 0 0 0 1 0 5 1 1 0 0 0 0 0 0 1
Bobby_2000000_9900_5 1 0 0 0 0 0 0 0 0 4 3 1 1 1 0 0 0 0 0 0 1
Kevin_2000000_9900_5 2 0 0 0 0 4 2 0 0 0 0 0 0 0 0 0 0 3 4 1 0
Sara_2000000_9900_5 0 0 0 0 0 0 0 0 0 0 0 0 0 0 0 0 0 0 0 0 0
Brenda_2000000_9900_5 0 0 0 0 0 0 0 0 0 0 0 0 0 0 0 0 0 0 0 0 0
Edith_2000000_9900_5 0 0 0 0 0 0 0 0 0 0 0 0 0 0 0 0 0 0 0 0 0
Jonathan_2000000_9900_5 0 0 0 0 0 0 0 0 0 0 0 0 0 0 0 0 0 0 0 0 0
Cole_2000000_9900_5 1 0 0 0 0 0 0 0 0 0 0 0 0 1 0 0 1 0 0 1 2
Howard_2000000_9900_5 2 0 5 0 0 0 0 0 0 0 0 0 8 0 0 0 0 4 16 6 0
Rudolf_2000000_9900_5 2 0 2 0 0 2 2 0 0 0 0 0 0 6 0 0 0 0 0 0 0
Vincent_2000000_9900_5 1 0 0 0 0 0 0 2 0 1 0 0 0 1 0 2 0 0 0 0 0
Elda_2000000_9900_5 1 0 0 0 0 0 0 0 0 4 0 0 0 1 0 0 0 0 0 0 3
Shawn_2000000_9900_5 0 0 4 0 0 0 0 0 0 0 0 0 0 3 1 0 0 0 0 0 1
Jeff_2000000_9900_5 2 0 1 0 0 0 0 0 0 0 0 0 2 0 0 0 0 1 4 1 0
Katie_2000000_9900_5 2 0 8 0 0 8 0 0 0 0 0 0 0 0 8 0 0 4 16 12 0
Janice_2000000_9900_5 1 0 2 0 0 0 0 0 0 3 2 1 3 2 1 0 0 0 0 0 4
Joseph_2000000_9900_5 0 0 0 0 0 0 0 0 0 0 0 0 0 0 0 0 0 0 0 0 0
Debra_2000000_9900_5 1 0 0 0 0 0 0 0 0 1 0 0 0 1 0 0 0 0 0 0 1
Rachel_2000000_9900_5 0 0 0 0 0 0 0 0 0 0 0 0 0 0 0 0 0 0 0 0 0
Lorraine_2000000_9900_5 0 0 0 0 0 0 0 0 0 0 0 0 0 0 0 0 0 0 0 0 0
Janet_2000000_9900_5 0 0 0 0 0 0 0 0 0 0 0 0 0 0 0 0 0 0 0 0 0
Charles_2000000_9900_5 0 0 0 0 0 0 0 0 0 0 0 0 0 0 0 0 0 0 0 0 0
Michael_2000000_9900_5 1 0 0 0 0 0 0 0 0 4 0 0 0 4 0 0 0 0 0 0 1
Constance_2000000_9900_5 2 0 4 0 0 0 0 0 0 0 0 0 2 0 0 0 0 9 4 1 0
Selma_2000000_9900_5 1 0 0 0 0 0 0 0 2 7 7 1 7 10 0 0 0 0 0 0 1
Genevieve_2000000_9900_5 0 0 0 0 0 0 0 0 0 0 0 0 0 0 0 0 0 0 0 0 0
Helen_2000000_9900_5 0 0 2 0 0 0 0 0 0 0 0 0 0 5 1 0 0 0 0 0 3
Brian_2000000_9900_5 1 0 0 0 0 0 0 0 0 1 0 0 0 1 0 0 0 0 0 0 2
Gloria_2000000_9900_5 0 0 0 0 0 0 0 0 0 0 0 0 0 0 0 0 0 0 0 0 0
John_2000000_9900_5 0 0 0 0 0 0 0 0 0 0 0 0 0 0 0 0 0 0 0 0 0
Keith_2000000_9900_5 0 0 0 0 0 0 0 0 0 0 0 0 0 0 0 0 0 0 0 0 0
Gustavo_2000000_9900_5 0 0 0 0 0 0 0 0 0 0 0 0 0 0 0 0 0 0 0 0 0
Joshua_2000000_9900_5 1 0 0 0 0 0 0 0 0 4 0 0 0 4 0 0 0 0 0 0 5
Lynnette_2000000_9900_5 1 0 0 0 0 0 0 0 0 3 2 0 2 1 0 0 0 0 0 0 2
Agnes_2000000_9900_5 2 0 4 0 0 4 2 0 0 0 0 0 0 2 2 0 0 3 4 3 1
Eleanor_2000000_9900_5 0 0 0 0 0 0 0 0 0 0 0 0 0 0 0 0 0 0 0 0 0
Rhonda_2000000_9900_5 2 0 2 0 0 0 0 0 0 0 0 0 2 0 0 0 0 3 4 1 0
Linda_2000000_9900_5 0 0 0 0 0 0 0 0 0 0 0 0 0 0 0 0 0 0 0 0 0
Felix_2000000_9900_5 1 0 0 0 0 0 0 0 0 1 2 0 1 4 0 0 0 0 0 1 3
Louis_2000000_9900_5 0 0 2 0 0 0 0 0 0 0 0 0 0 5 1 0 0 0 0 0 1
Owen_2000000_9900_5 1 0 3 2 2 2 1 5 4 5 2 5 3 6 3 6 2 4 0 0 4
Nancy_2000000_9900_5 1 0 0 0 0 0 0 0 0 1 0 0 0 1 0 0 0 0 0 0 0
Aileen_2000000_9900_5 1 0 0 0 0 0 0 0 0 1 0 0 0 1 0 0 0 0 0 1 3
Rene_2000000_9900_5 0 0 0 0 0 0 0 0 0 0 0 0 0 0 0 0 0 0 0 0 0
Norman_2000000_9900_5 1 0 2 0 0 0 0 0 0 1 0 0 0 8 1 0 0 0 0 0 4
Joanna_2000000_9900_5 2 0 1 0 0 0 0 0 0 0 0 0 2 0 0 0 0 1 4 1 0
Cynthia_2000000_9900_5 1 0 0 0 2 0 0 0 0 1 0 0 0 1 0 0 0 0 0 0 0
Amy_2000000_9900_5 2 0 2 0 0 0 0 0 0 0 0 0 0 0 0 0 0 1 4 3 0
Marie_2000000_9900_5 0 0 0 0 0 0 0 0 0 0 0 0 0 0 0 0 0 0 0 0 0
Lori_2000000_9900_5 2 0 0 0 0 2 2 0 0 0 0 0 0 0 0 0 0 1 4 3 0
Ivan_2000000_9900_5 0 0 0 0 0 0 0 0 0 0 0 0 0 0 0 0 0 0 0 0 0
Chester_2000000_9900_5 2 0 1 0 0 0 0 0 0 0 0 0 2 0 0 0 0 1 4 1 0
Susan_2000000_9900_5 2 0 6 0 0 2 0 0 0 0 0 0 0 4 2 0 0 1 4 3 1
Terry_2000000_9900_5 2 0 1 0 0 0 0 0 0 0 0 0 2 0 0 0 0 1 4 1 0
Tamara_2000000_9900_5 0 0 0 0 0 0 0 0 0 0 0 0 0 0 0 0 0 0 0 0 0
Rose_2000000_9900_5 0 1 8 0 2 0 0 0 3 1 7 1 4 8 2 4 0 0 2 0 6
Cecil_2000000_9900_5 2 0 11 0 0 8 0 0 0 0 0 0 1 4 5 0 0 9 12 3 5
Leticia_2000000_9900_5 1 0 4 0 0 0 0 0 0 0 0 0 0 7 0 0 1 0 0 0 5
Phuong_2000000_9900_5 0 0 0 0 0 0 0 0 0 0 0 0 0 0 0 0 0 0 0 0 0
Sharon_2000000_9900_5 0 0 0 0 0 0 0 0 0 0 0 0 0 0 0 0 0 0 0 0 0
Rochelle_2000000_9900_5 0 0 0 0 0 0 0 0 0 0 0 0 0 0 0 0 0 0 0 0 0
Millard_2000000_9900_5 0 0 0 0 0 0 0 0 0 0 0 0 0 4 0 0 0 0 0 0 1
Michelle_2000000_9900_5 0 0 0 0 0 0 0 0 0 0 0 0 0 0 0 0 0 0 0 0 0
Stacey_2000000_9900_5 1 1 3 0 0 0 0 0 0 7 6 1 5 2 1 0 0 0 0 1 4
Jewell_2000000_9900_5 2 0 0 0 0 2 0 0 0 0 0 0 0 0 2 0 0 1 4 3 0
Patria_2000000_9900_5 1 0 0 0 0 0 0 0 0 1 0 0 0 1 0 0 0 0 2 0 1
Carolyn_2000000_9900_5 1 0 0 0 0 0 0 0 0 1 0 0 0 1 0 0 0 0 0 5 2
Wade_2000000_9900_5 2 0 0 0 0 0 0 0 0 0 0 0 0 0 0 0 0 0 0 0 0
Rita_2000000_9900_5 1 0 0 0 0 0 0 0 0 1 0 0 0 1 0 0 0 0 0 1 2
Frank_2000000_9900_5 0 0 0 0 0 0 0 0 0 0 0 0 0 0 0 0 0 0 0 0 0
Betty_2000000_9900_5 0 0 0 0 0 0 0 0 0 0 0 0 0 0 0 0 0 0 0 0 0
Tina_2000000_9900_5 1 0 2 0 0 0 0 0 0 1 0 2 0 1 0 0 0 0 0 0 1
Donald_2000000_9900_5 1 0 0 0 0 0 0 0 0 1 0 0 0 1 0 0 0 0 0 0 1
Melissa_2000000_9900_5 2 0 0 0 0 4 2 0 0 0 0 0 0 0 2 0 0 1 4 3 0
Christy_2000000_9900_5 1 0 0 0 0 0 0 0 0 4 0 0 1 1 0 0 0 0 0 0 1
Douglas_2000000_9900_5 1 0 2 0 0 4 1 3 10 1 4 3 5 2 1 2 2 2 0 0 8
Natasha_2000000_9900_5 1 0 0 0 0 0 0 0 0 1 0 0 0 1 0 0 0 0 0 0 2
Debby_2000000_9900_5 1 0 0 0 0 0 0 0 0 1 0 0 1 2 0 0 0 0 0 0 2
Walter_2000000_9900_5 2 0 2 0 0 10 8 0 0 0 0 0 0 0 2 0 0 6 7 3 0
Grace_2000000_9900_5 0 0 0 0 0 0 0 0 0 0 0 0 0 0 0 0 0 0 0 0 0
Scott_2000000_9900_5 0 0 0 0 0 0 0 0 0 0 0 0 0 0 0 0 0 0 0 0 0
Francine_2000000_9900_5 0 0 0 0 0 0 0 0 0 0 0 0 0 0 0 0 0 0 0 0 0
Camille_2000000_9900_5 0 0 4 0 0 0 0 0 0 0 0 0 0 4 0 0 0 0 0 0 0
Lauren_2000000_9900_5 2 0 7 0 0 0 0 0 0 0 0 0 8 5 1 0 0 6 16 6 1
Brett_2000000_9900_5 2 0 1 0 0 0 0 0 0 0 0 0 2 0 0 0 0 1 4 1 0
Jeffrey_2000000_9900_5 0 0 0 0 0 0 0 0 0 0 0 0 0 0 0 0 0 0 0 0 0
Rafael_2000000_9900_5 1 1 3 0 0 2 0 0 0 4 4 2 1 1 0 0 0 0 0 0 1
Carlos_2000000_9900_5 0 0 0 0 0 0 0 0 0 0 0 0 0 0 0 0 0 0 0 0 0
Edmundo_2000000_9900_5 0 0 0 0 0 0 0 0 0 0 0 0 0 0 0 0 0 0 0 0 0
Irmgard_2000000_9900_5 1 0 0 0 0 0 0 0 0 3 2 0 2 3 0 0 0 0 0 0 4
Sherri_2000000_9900_5 2 0 9 0 0 2 0 0 0 0 3 1 1 8 5 0 0 3 4 3 8
Jennifer_2000000_9900_5 1 1 4 0 2 0 0 0 3 2 3 8 2 9 3 3 1 0 2 0 6
Raye_2000000_9900_5 1 0 0 0 0 0 0 0 0 4 3 1 1 1 0 0 0 0 0 0 5
Darren_2000000_9900_5 2 0 0 0 0 2 2 0 0 0 0 0 0 0 0 0 0 1 2 1 0
Justin_2000000_9900_5 1 0 0 0 0 0 0 0 0 1 0 0 0 1 0 0 0 0 0 1 3
Donn_2000000_9900_5 0 0 0 0 0 0 0 0 0 0 0 0 0 0 0 0 0 0 0 0 0
Dale_2000000_9900_5 1 0 0 0 0 0 0 0 0 4 3 1 1 5 0 0 1 0 0 4 4
Anita_2000000_9900_5 1 0 0 0 2 2 1 1 2 10 2 2 2 8 0 2 2 2 0 0 5
Marjorie_2000000_9900_5 0 0 0 0 0 0 0 0 0 0 0 0 0 0 0 0 0 0 0 0 0
Myron_2000000_9900_5 2 0 0 0 0 2 0 0 0 0 0 0 0 0 2 0 0 1 4 3 0
Bonita_2000000_9900_5 2 0 0 0 0 4 2 0 0 0 0 0 0 0 2 0 0 1 4 3 0
Barb_2000000_9900_5 1 0 0 0 0 0 0 0 0 0 0 0 0 0 0 0 0 0 0 0 0
Joy_2000000_9900_5 0 0 0 0 0 0 0 0 0 0 0 0 0 0 0 0 0 0 0 0 0
Edgar_2000000_9900_5 1 0 2 0 0 0 0 0 0 3 2 5 1 7 0 2 0 0 0 0 0
Elaine_2000000_9900_5 0 0 0 0 0 0 0 0 0 0 0 0 0 0 0 0 0 0 0 0 0
Marcia_2000000_9900_5 1 0 0 0 0 0 0 0 0 1 0 0 0 1 0 0 0 0 0 0 0
Sam_2000000_9900_5 0 0 2 0 0 0 0 0 0 0 0 0 0 0 0 0 0 0 0 0 1
Lydia_2000000_9900_5 0 0 0 0 0 0 0 0 0 0 0 0 0 0 0 0 0 0 0 0 0
Bertie_2000000_9900_5 1 0 0 0 0 0 0 0 0 4 0 0 0 8 3 6 2 2 0 0 4
Steven_2000000_9900_5 1 0 0 0 0 0 8 0 0 5 4 1 3 1 0 0 0 0 0 0 1
Martha_2000000_9900_5 1 0 0 0 0 0 0 0 0 0 0 0 0 0 0 0 0 0 0 0 0
Jamie_2000000_9900_5 1 0 0 0 0 0 0 0 0 1 0 0 0 1 0 0 0 0 0 0 0
Latashia_2000000_9900_5 1 0 0 0 0 0 0 0 0 0 0 0 0 0 0 0 0 0 0 0 0
Ahmad_2000000_9900_5 1 0 2 0 0 0 0 0 0 1 0 0 0 4 1 0 0 0 0 0 2
David_2000000_9900_5 2 0 10 0 0 8 0 0 0 0 0 0 0 7 9 0 0 4 16 12 1
Brant_2000000_9900_5 0 0 0 0 0 0 0 0 0 0 0 0 0 0 0 0 0 0 0 0 0
Jan_2000000_9900_5 1 0 0 0 0 2 1 3 2 3 3 2 3 5 0 2 2 2 0 0 1
Kimberly_2000000_9900_5 0 0 0 0 0 0 0 0 0 0 0 0 0 0 0 0 0 0 0 0 0
Lucy_2000000_9900_5 1 0 2 0 0 2 1 3 2 1 2 0 0 1 0 2 2 4 0 0 2
Barbara_2000000_9900_5 0 0 0 0 0 0 0 0 0 0 0 0 0 0 0 0 0 0 0 0 0
Kelly_2000000_9900_5 0 0 2 0 0 0 0 0 0 0 0 0 1 2 1 0 0 0 0 0 0
Richard_2000000_9900_5 0 0 0 0 0 0 0 0 0 0 0 0 0 0 0 0 0 0 0 0 0
Kathleen_2000000_9900_5 2 0 5 0 0 0 0 0 0 0 0 0 2 0 0 0 0 9 8 1 0
Christopher_2000000_9900_5 0 0 0 0 0 0 0 0 0 0 0 0 0 0 0 0 0 0 0 0 0
William_2000000_9900_5 0 0 2 0 0 2 1 3 2 0 0 0 0 5 1 2 2 2 0 0 3
George_2000000_9900_5 0 0 0 0 0 0 0 0 0 0 0 0 0 0 0 0 0 0 0 0 0
Robert_2000000_9900_5 0 0 0 0 0 0 0 0 0 0 0 0 0 0 0 0 0 0 0 0 0
James_2000000_9900_5 0 0 0 0 0 0 0 0 0 0 0 0 0 0 0 0 0 0 0 0 0
Bruce_2000000_9900_5 0 0 0 0 0 0 0 0 0 0 0 0 0 0 0 0 0 0 0 0 0
Emily_2000000_9900_5 2 0 1 0 0 0 0 0 0 0 0 0 2 0 0 0 0 3 4 1 0
Peggy_2000000_9900_5 1 0 5 0 0 0 0 0 0 8 3 1 3 6 3 2 0 0 0 0 10
Max_2000000_9900_5 1 0 0 0 0 0 0 0 0 1 0 0 0 1 0 0 0 0 0 0 1
Marion_2000000_9900_5 2 0 8 0 0 8 0 0 0 0 0 0 0 0 8 0 0 4 16 12 0
Gretta_2000000_9900_5 2 0 0 0 0 0 0 0 0 0 0 0 0 0 0 0 0 0 0 0 0
Elizabeth_2000000_9900_5 0 0 0 0 0 0 0 0 0 0 0 0 0 0 0 0 0 0 0 0 0
Carmen_2000000_9900_5 2 0 1 0 0 0 0 0 0 0 0 0 2 0 0 0 0 1 4 1 0
Heather_2000000_9900_5 1 0 0 0 0 0 0 2 0 1 0 0 0 1 0 0 0 0 0 0 0
Angela_2000000_9900_5 0 0 0 0 0 0 0 0 0 0 0 0 0 0 0 0 0 0 0 0 0
Brandon_2000000_9900_5 1 0 4 0 0 0 0 0 0 3 2 3 5 2 1 0 0 0 0 0 2
Norene_2000000_9900_5 0 0 0 0 0 0 0 0 0 0 0 0 0 0 0 0 0 0 0 0 0
Willie_2000000_9900_5 2 0 1 0 0 0 0 0 0 0 0 0 2 0 0 0 0 1 4 1 0
Frances_2000000_9900_5 2 0 4 0 0 0 0 0 0 0 0 0 8 0 0 0 0 4 16 4 0
Garry_2000000_9900_5 0 0 0 0 0 0 0 0 0 0 0 0 0 0 0 0 0 0 0 0 0
Leslie_2000000_9900_5 1 0 2 0 0 2 1 1 2 1 0 5 3 1 0 0 2 0 0 0 1
Mark_2000000_9900_5 0 0 0 0 0 0 0 0 0 0 0 0 0 0 0 0 0 0 0 0 0
Margaret_2000000_9900_5 2 0 1 0 0 0 0 0 0 0 0 0 2 6 0 0 0 3 4 1 1
Thomas_2000000_9900_10 0 0 0 0 0 0 0 0 0 0 0 0 0 0 0 0 0 0 0 0 0
Jessica_2000000_9900_10 2 0 3 0 0 0 0 0 0 0 0 0 2 2 0 0 0 3 4 1 0
Laverne_2000000_9900_10 0 0 0 0 0 0 0 0 0 0 0 0 0 0 0 0 0 0 0 0 0
Irene_2000000_9900_10 1 0 0 0 0 0 0 0 0 15 7 3 5 0 0 0 0 0 0 0 1
Annette_2000000_9900_10 1 0 0 0 0 0 0 0 0 1 2 0 1 0 0 0 0 0 0 0 2
Dorothy_2000000_9900_10 0 0 0 0 0 0 0 0 0 0 0 0 0 0 0 0 0 0 0 0 0
Raymond_2000000_9900_10 1 0 0 0 0 0 0 0 0 1 0 0 1 4 0 0 0 0 0 0 2
Anthony_2000000_9900_10 1 0 0 0 0 0 0 0 0 3 7 1 5 0 2 0 0 0 0 1 1
Nelson_2000000_9900_10 2 0 2 0 0 0 0 0 0 0 0 0 2 0 0 0 0 3 4 1 0
Eric_2000000_9900_10 1 0 0 0 0 0 0 0 0 0 2 3 5 0 0 0 0 0 0 0 0
Erika_2000000_9900_10 2 0 0 0 0 2 0 0 0 0 0 0 0 0 2 0 0 1 4 3 0
Patricia_2000000_9900_10 0 0 0 0 0 0 0 0 0 0 0 0 0 0 0 0 0 0 0 0 0
Judith_2000000_9900_10 0 0 0 0 0 0 0 0 2 0 0 0 0 0 0 0 0 0 0 0 0
Sandra_2000000_9900_10 0 0 0 0 0 0 0 0 0 0 0 0 0 0 0 0 0 0 0 0 0
Napoleon_2000000_9900_10 1 0 0 0 0 0 0 0 0 0 0 0 0 6 1 0 1 0 0 0 1
Dolores_2000000_9900_10 2 0 2 0 0 2 0 0 0 0 0 0 0 0 2 0 0 1 4 3 0
Eloisa_2000000_9900_10 1 0 3 0 0 0 0 0 0 1 0 0 0 2 1 0 0 0 0 0 4
Gerald_2000000_9900_10 0 0 0 1 1 0 0 0 2 3 2 0 2 1 0 0 0 0 0 0 0
Patrick_2000000_9900_10 1 0 0 0 0 2 1 11 2 3 4 3 3 5 0 10 2 2 0 0 0
Nicole_2000000_9900_10 1 0 0 0 0 0 0 0 0 3 4 0 1 2 0 0 0 0 0 0 2
Alvin_2000000_9900_10 0 0 0 0 0 0 0 0 0 0 0 0 0 0 0 0 0 0 0 0 0
Travis_2000000_9900_10 2 0 0 0 0 0 2 0 0 0 0 0 0 0 0 0 0 2 0 0 0
Tommy_2000000_9900_10 0 0 0 0 0 0 0 0 0 0 0 0 0 0 0 0 0 0 0 0 0
Timothy_2000000_9900_10 1 0 4 0 0 2 1 3 2 3 4 3 3 2 1 2 2 2 0 4 12
Paul_2000000_9900_10 2 0 0 0 0 4 2 0 0 0 0 0 0 0 2 0 0 1 4 3 0
Tonya_2000000_9900_10 1 0 0 0 0 0 0 0 0 2 4 1 1 0 0 0 0 0 0 0 0
Della_2000000_9900_10 1 0 0 0 0 0 0 0 0 3 4 0 5 0 0 0 0 0 0 0 0
Bobby_2000000_9900_10 1 0 0 0 0 0 0 0 0 4 1 1 1 1 0 0 0 0 0 0 1
Kevin_2000000_9900_10 2 0 0 0 0 4 2 0 0 0 0 0 0 0 2 0 0 1 4 3 0
Sara_2000000_9900_10 0 0 0 0 0 0 0 0 0 0 0 0 0 0 0 0 0 0 0 0 1
Brenda_2000000_9900_10 0 0 0 0 0 0 0 0 0 0 0 0 0 0 0 0 0 0 0 0 0
Edith_2000000_9900_10 0 0 0 0 0 0 0 0 0 0 0 0 0 0 0 0 0 0 0 0 0
Jonathan_2000000_9900_10 0 0 0 0 0 0 0 0 0 0 0 0 0 0 0 0 0 0 0 0 0
Cole_2000000_9900_10 1 0 0 0 0 0 0 0 0 0 0 0 0 1 0 0 1 0 0 1 2
Howard_2000000_9900_10 2 0 5 0 0 0 0 0 0 0 0 0 8 0 0 0 0 4 13 5 0
Rudolf_2000000_9900_10 2 0 0 0 0 2 2 0 0 0 0 0 0 6 0 0 0 0 0 0 0
Vincent_2000000_9900_10 1 0 0 0 0 0 0 8 0 1 0 0 0 5 0 8 0 0 0 0 0
Elda_2000000_9900_10 1 0 0 0 0 0 0 0 0 4 0 0 0 1 0 0 0 0 0 0 1
Shawn_2000000_9900_10 0 0 0 0 0 0 0 0 0 0 0 0 0 0 0 0 0 0 0 0 0
Jeff_2000000_9900_10 2 0 1 0 0 0 0 0 0 0 0 0 2 0 0 0 0 1 4 1 0
Katie_2000000_9900_10 2 0 2 0 0 8 0 0 0 0 0 0 0 0 2 0 0 4 16 12 0
Janice_2000000_9900_10 1 0 0 0 0 0 0 0 0 1 0 0 1 4 0 0 0 0 0 0 0
Joseph_2000000_9900_10 0 0 0 0 0 0 0 0 0 0 0 0 0 0 0 0 0 0 0 0 0
Debra_2000000_9900_10 1 0 0 0 0 0 0 0 0 1 0 0 0 1 0 0 0 0 0 0 2
Rachel_2000000_9900_10 0 0 0 0 0 0 0 0 0 0 0 0 0 0 0 0 0 0 0 0 0
Lorraine_2000000_9900_10 0 0 2 0 0 0 0 0 0 0 0 0 0 3 1 0 0 0 0 0 1
Janet_2000000_9900_10 0 0 0 0 0 0 0 0 0 0 0 0 0 0 0 0 0 0 0 0 0
Charles_2000000_9900_10 0 0 0 0 0 0 0 0 0 0 0 0 0 0 0 0 0 0 0 0 0
Michael_2000000_9900_10 1 0 0 0 0 0 0 0 0 1 0 0 0 1 0 0 0 0 0 0 0
Constance_2000000_9900_10 2 0 4 0 0 0 0 0 0 0 0 0 2 0 0 0 0 3 4 1 0
Selma_2000000_9900_10 1 0 0 0 0 0 0 0 2 7 7 1 7 10 0 0 0 0 0 0 1
Genevieve_2000000_9900_10 0 0 0 0 0 0 0 0 0 0 0 0 0 0 0 0 0 0 0 0 0
Helen_2000000_9900_10 0 0 0 0 0 0 0 0 0 0 0 0 0 0 0 0 0 0 0 0 0
Brian_2000000_9900_10 1 0 0 0 0 0 0 0 0 4 0 2 0 0 0 0 0 0 0 0 0
Gloria_2000000_9900_10 0 0 0 0 0 0 0 0 0 0 0 0 0 0 0 0 0 0 0 0 0
John_2000000_9900_10 0 0 0 0 0 0 0 0 0 0 0 0 0 0 0 0 0 0 0 0 0
Keith_2000000_9900_10 0 0 0 0 0 0 0 0 0 0 0 0 0 0 0 0 0 0 0 0 0
Gustavo_2000000_9900_10 0 0 0 0 0 0 0 0 0 0 0 0 0 0 0 0 0 0 0 0 0
Joshua_2000000_9900_10 1 0 0 0 0 0 0 0 0 1 0 0 0 1 0 0 0 0 0 0 1
Lynnette_2000000_9900_10 1 0 0 2 2 2 1 5 2 1 0 0 0 1 0 4 2 2 0 0 1
Agnes_2000000_9900_10 2 0 4 0 0 4 2 0 0 0 0 0 0 2 2 0 0 3 4 3 1
Eleanor_2000000_9900_10 0 0 0 0 0 0 0 0 0 0 0 0 0 0 0 0 0 0 0 0 0
Rhonda_2000000_9900_10 2 0 1 0 0 0 0 0 0 0 0 0 2 0 0 0 0 3 4 1 0
Linda_2000000_9900_10 0 0 0 0 0 0 0 0 0 0 0 0 0 0 0 0 0 0 0 0 0
Felix_2000000_9900_10 1 0 0 0 0 0 0 0 0 3 6 0 1 0 0 0 0 0 0 1 3
Louis_2000000_9900_10 0 0 2 0 0 0 0 0 0 0 0 0 0 2 0 0 0 0 0 0 1
Owen_2000000_9900_10 1 0 3 2 2 2 1 5 4 5 2 5 3 6 3 4 2 4 0 0 4
Nancy_2000000_9900_10 1 1 1 0 0 0 0 0 0 5 2 1 3 1 0 0 0 0 0 0 1
Aileen_2000000_9900_10 1 0 0 0 0 0 0 0 0 1 0 0 0 1 0 0 0 0 0 1 3
Rene_2000000_9900_10 0 0 0 0 0 0 0 0 0 0 0 0 0 0 0 0 0 0 0 0 0
Norman_2000000_9900_10 1 0 2 0 0 0 0 0 0 1 0 0 0 4 1 0 0 0 0 0 2
Joanna_2000000_9900_10 2 0 1 0 0 0 0 0 0 0 0 0 2 0 0 0 0 1 4 1 0
Cynthia_2000000_9900_10 1 0 0 0 2 0 0 0 0 1 0 0 0 1 0 0 0 0 0 0 2
Amy_2000000_9900_10 2 0 2 0 0 2 0 0 0 0 0 0 0 0 2 0 0 3 4 3 0
Marie_2000000_9900_10 0 0 0 0 0 0 0 0 0 0 0 0 0 0 0 0 0 0 0 0 0
Lori_2000000_9900_10 2 0 0 0 0 2 2 0 0 0 0 0 0 0 0 0 0 1 4 3 0
Ivan_2000000_9900_10 0 0 0 0 0 0 0 0 0 0 0 0 0 0 0 0 0 0 0 0 0
Chester_2000000_9900_10 2 0 1 0 0 0 0 0 0 0 0 0 2 0 0 0 0 1 4 1 0
Susan_2000000_9900_10 2 0 4 0 0 8 0 0 0 0 0 0 0 5 3 0 0 6 16 12 1
Terry_2000000_9900_10 2 0 1 0 0 0 0 0 0 0 0 0 2 0 0 0 0 1 4 1 0
Tamara_2000000_9900_10 0 0 0 0 0 0 0 0 0 0 0 0 0 0 0 0 0 0 0 0 0
Rose_2000000_9900_10 0 0 10 0 2 0 0 0 3 1 5 1 4 4 2 4 0 0 2 0 6
Cecil_2000000_9900_10 2 0 7 0 0 4 0 0 0 0 0 0 1 6 3 2 2 3 4 5 3
Leticia_2000000_9900_10 1 0 4 0 0 0 0 0 0 0 0 0 0 7 0 0 1 0 0 0 1
Phuong_2000000_9900_10 0 0 0 0 0 0 0 0 0 0 0 0 0 0 0 0 0 0 0 0 0
Sharon_2000000_9900_10 0 0 0 0 0 0 0 0 0 0 0 0 0 0 0 0 0 0 0 0 0
Rochelle_2000000_9900_10 0 0 0 0 0 0 0 0 0 0 0 0 0 0 0 0 0 0 0 0 0
Millard_2000000_9900_10 0 0 0 0 0 0 0 0 0 0 0 0 0 4 0 0 0 0 0 0 1
Michelle_2000000_9900_10 0 0 0 0 0 0 0 0 0 0 0 0 0 0 0 0 0 0 0 0 0
Stacey_2000000_9900_10 1 1 3 0 0 0 0 0 0 7 6 1 3 2 1 0 0 0 0 1 4
Jewell_2000000_9900_10 2 0 0 0 0 2 0 0 0 0 0 0 0 0 2 0 0 1 4 3 0
Patria_2000000_9900_10 1 0 0 0 0 0 0 0 0 1 0 0 0 1 0 0 0 0 2 0 2
Carolyn_2000000_9900_10 1 0 0 0 0 0 0 0 0 1 0 0 0 1 0 0 0 0 0 1 3
Wade_2000000_9900_10 2 0 0 0 0 0 0 0 0 0 0 0 0 0 0 0 0 0 0 0 0
Rita_2000000_9900_10 1 0 0 0 0 0 0 0 0 1 0 0 0 1 0 0 0 0 0 1 3
Frank_2000000_9900_10 0 0 0 0 0 0 0 0 0 0 0 0 0 0 0 0 0 0 0 0 0
Betty_2000000_9900_10 0 0 0 0 0 0 0 0 0 0 0 0 0 0 0 0 0 0 0 0 0
Tina_2000000_9900_10 1 0 2 0 0 0 0 0 0 1 0 2 0 1 0 0 0 0 0 0 1
Donald_2000000_9900_10 1 0 0 0 0 0 0 0 0 1 0 0 0 1 0 0 0 0 0 0 1
Melissa_2000000_9900_10 2 0 0 0 0 4 2 0 0 0 0 0 0 0 2 0 0 1 4 3 0
Christy_2000000_9900_10 1 0 0 0 0 0 0 0 0 1 0 0 0 1 0 0 0 0 0 0 2
Douglas_2000000_9900_10 1 0 2 0 0 4 1 1 10 1 4 3 5 1 0 0 2 2 0 0 8
Natasha_2000000_9900_10 1 0 0 0 0 0 0 0 0 1 0 0 0 1 0 0 0 0 0 0 0
Debby_2000000_9900_10 1 0 0 0 0 0 0 0 0 1 0 0 1 2 0 0 0 0 0 0 2
Walter_2000000_9900_10 2 0 2 0 0 10 8 0 0 0 0 0 0 0 2 0 0 5 4 3 0
Grace_2000000_9900_10 0 0 0 0 0 0 0 0 0 0 0 0 0 0 0 0 0 0 0 0 0
Scott_2000000_9900_10 0 0 0 0 0 0 0 0 0 0 0 0 0 0 0 0 0 0 0 0 0
Francine_2000000_9900_10 0 0 0 0 0 0 0 0 0 0 0 0 0 0 0 0 0 0 0 0 0
Camille_2000000_9900_10 0 0 4 0 0 0 0 0 0 0 0 0 0 4 0 0 0 0 0 0 1
Lauren_2000000_9900_10 2 0 5 0 0 0 0 0 0 0 0 0 2 5 1 0 0 6 17 5 1
Brett_2000000_9900_10 2 0 1 0 0 0 0 0 0 0 0 0 2 0 0 0 0 1 4 1 0
Jeffrey_2000000_9900_10 0 0 0 0 0 0 0 0 0 0 0 0 0 0 0 0 0 0 0 0 0
Rafael_2000000_9900_10 1 1 3 0 0 0 0 0 0 4 2 2 1 1 0 0 0 0 0 0 1
Carlos_2000000_9900_10 0 0 0 0 0 0 0 0 0 0 0 0 0 0 0 0 0 0 0 0 0
Edmundo_2000000_9900_10 0 0 2 0 0 0 0 0 0 0 0 0 0 0 0 0 0 0 0 0 0
Irmgard_2000000_9900_10 1 0 0 0 0 0 0 0 0 1 0 0 0 1 0 0 0 0 0 0 1
Sherri_2000000_9900_10 2 0 5 0 0 2 0 0 0 0 0 0 1 6 3 0 0 1 4 3 3
Jennifer_2000000_9900_10 1 0 3 0 2 0 0 0 3 2 2 7 2 9 3 3 1 0 2 0 6
Raye_2000000_9900_10 1 0 0 0 0 0 0 0 0 1 0 0 0 1 0 0 0 0 0 0 2
Darren_2000000_9900_10 2 0 0 0 0 2 2 0 0 0 0 0 0 0 0 0 0 1 2 1 0
Justin_2000000_9900_10 1 0 0 0 0 0 0 0 0 1 0 0 0 3 0 0 0 0 0 1 3
Donn_2000000_9900_10 0 0 0 0 0 0 0 0 0 0 0 0 0 0 0 0 0 0 0 0 0
Dale_2000000_9900_10 1 0 0 0 0 0 0 0 0 5 2 1 1 5 0 0 1 0 0 1 1
Anita_2000000_9900_10 1 0 0 0 0 0 0 0 0 3 2 0 2 1 0 0 0 0 0 0 2
Marjorie_2000000_9900_10 0 0 2 0 0 0 0 0 0 0 0 0 0 0 0 0 0 0 0 0 1
Myron_2000000_9900_10 2 0 0 0 0 2 0 0 0 0 0 0 0 0 2 0 0 3 4 3 0
Bonita_2000000_9900_10 2 0 0 0 0 4 2 0 0 0 0 0 0 0 2 0 0 1 4 3 0
Barb_2000000_9900_10 1 0 0 0 0 0 0 0 0 0 0 0 0 0 0 0 0 0 0 0 0
Joy_2000000_9900_10 0 0 0 0 0 0 0 0 0 0 0 0 0 0 0 0 0 0 0 0 0
Edgar_2000000_9900_10 1 0 2 0 0 0 0 0 0 3 2 5 1 7 0 0 0 0 0 0 0
Elaine_2000000_9900_10 0 0 0 0 0 0 0 0 0 0 0 0 0 0 0 0 0 0 0 0 0
Marcia_2000000_9900_10 1 0 0 0 0 0 0 0 0 3 4 2 3 4 0 0 0 0 0 0 0
Sam_2000000_9900_10 0 0 0 0 0 0 0 0 0 0 0 0 0 0 0 0 0 0 0 0 0
Lydia_2000000_9900_10 0 0 0 0 0 0 0 0 0 0 0 0 0 0 0 0 0 0 0 0 0
Bertie_2000000_9900_10 1 0 0 0 0 0 0 0 0 4 0 0 0 8 3 6 2 2 0 0 4
Steven_2000000_9900_10 1 0 0 0 0 0 2 0 0 1 2 0 0 5 0 0 0 0 0 0 0
Martha_2000000_9900_10 1 0 0 0 0 0 0 0 0 0 0 0 0 0 0 0 0 0 0 0 0
Jamie_2000000_9900_10 1 0 0 0 0 0 0 0 0 1 0 0 0 1 0 0 0 0 0 0 1
Latashia_2000000_9900_10 1 0 0 0 0 0 0 0 0 0 0 0 0 0 0 0 0 0 0 0 0
Ahmad_2000000_9900_10 1 0 2 0 0 0 0 0 0 1 0 0 0 4 1 0 0 0 0 0 2
David_2000000_9900_10 2 0 0 0 0 2 0 0 0 0 0 0 0 2 2 0 0 1 4 3 0
Brant_2000000_9900_10 0 0 0 0 0 0 0 0 0 0 0 0 0 0 0 0 0 0 0 0 0
Jan_2000000_9900_10 1 0 0 0 0 0 0 0 0 3 2 0 0 1 0 0 0 0 0 0 2
Kimberly_2000000_9900_10 0 0 0 0 0 0 0 0 0 0 0 0 0 0 0 0 0 0 0 0 0
Lucy_2000000_9900_10 1 0 2 0 0 2 1 3 2 1 0 0 0 1 0 2 2 2 0 0 2
Barbara_2000000_9900_10 0 0 0 0 0 0 0 0 0 0 0 0 0 0 0 0 0 0 0 0 0
Kelly_2000000_9900_10 0 0 0 0 0 0 0 0 0 0 0 0 0 1 1 0 0 0 0 0 0
Richard_2000000_9900_10 0 0 0 0 0 0 0 0 0 0 0 0 0 0 0 0 0 0 0 0 0
Kathleen_2000000_9900_10 2 0 5 0 0 0 0 0 0 0 0 0 2 0 0 0 0 3 4 1 0
Christopher_2000000_9900_10 0 0 0 0 0 0 0 0 0 0 0 0 0 0 0 0 0 0 0 0 0
William_2000000_9900_10 0 0 2 0 0 0 0 0 0 0 0 0 0 0 0 0 0 0 0 0 1
George_2000000_9900_10 0 0 0 0 0 0 0 0 0 0 0 0 0 0 0 0 0 0 0 0 0
Robert_2000000_9900_10 0 0 0 0 0 0 0 0 0 0 0 0 0 0 0 0 0 0 0 0 0
James_2000000_9900_10 0 0 0 0 0 0 0 0 0 0 0 0 0 0 0 0 0 0 0 0 0
Bruce_2000000_9900_10 0 0 0 0 0 0 0 0 0 0 0 0 0 0 0 0 0 0 0 0 0
Emily_2000000_9900_10 2 0 1 0 0 0 0 0 0 0 0 0 2 0 0 0 0 3 4 1 0
Peggy_2000000_9900_10 1 0 0 0 0 0 0 0 0 1 0 0 1 6 0 0 0 0 0 0 2
Max_2000000_9900_10 1 0 0 0 0 0 0 0 0 1 0 0 0 1 0 0 0 0 0 0 1
Marion_2000000_9900_10 2 0 2 0 0 8 0 0 0 0 0 0 0 0 8 0 0 4 16 12 0
Gretta_2000000_9900_10 2 0 0 0 0 0 0 0 0 0 0 0 0 0 0 0 0 0 0 0 0
Elizabeth_2000000_9900_10 0 0 0 0 0 0 0 0 0 0 0 0 0 0 0 0 0 0 0 0 0
Carmen_2000000_9900_10 2 0 1 0 0 0 0 0 0 0 0 0 2 0 0 0 0 1 4 1 0
Heather_2000000_9900_10 1 0 0 0 0 0 0 2 0 1 0 0 0 1 0 0 0 0 0 0 0
Angela_2000000_9900_10 0 0 0 0 0 0 0 0 0 0 0 0 0 0 0 0 0 0 0 0 0
Brandon_2000000_9900_10 1 0 0 0 0 0 0 0 0 1 0 0 0 1 0 0 0 0 0 0 2
Norene_2000000_9900_10 0 0 0 0 0 0 0 0 0 0 0 0 0 0 0 0 0 0 0 0 0
Willie_2000000_9900_10 2 0 1 0 0 0 0 0 0 0 0 0 2 0 0 0 0 1 4 1 0
Frances_2000000_9900_10 2 0 4 0 0 0 0 0 0 0 0 0 8 0 0 0 0 4 16 6 0
Garry_2000000_9900_10 0 0 0 0 0 0 0 0 0 0 0 0 0 0 0 0 0 0 0 0 0
Leslie_2000000_9900_10 1 0 0 0 0 0 0 0 0 3 4 0 1 6 0 0 0 0 0 0 2
Mark_2000000_9900_10 0 0 0 0 0 0 0 0 0 0 0 0 0 0 0 0 0 0 0 0 0
Margaret_2000000_9900_10 2 0 1 0 0 0 0 0 0 0 0 0 2 0 0 0 0 1 4 1 0
